RecordID,RACEID,CO,JUR,CNTYNAME,YEAR,DATE,PLACE,CSD,OFFICE,RECODE_OFFICE,AREA,TERM,VOTE#,LAST,FIRST,BALDESIG,INC,NUM_INC,CAND#,VOTES,WRITEIN,SUMVOTES,TOTVOTES,RVOTES,PERCENT,elected,runoff,checkrunoff,Multi_RaceID,Multi_CandID,Multi_CO,VOTES_sum,indivtotal_votes,multitotal_votes,total_writein,newtotvotes,Rindivto,newelected
201700021,5,13,1,IMPERIAL,2017,2017-11-07,Imperial,1,DIRECTOR Bombay Beach CSD,4,,Full,3,Hollenbeck,Cindy,Appointed Incumbent,Y,1,6,17,0,99,99,2.5,0.1717171717171717,1,0,0,201700005,201700021,0,17,17,99,0,99,2.5,1
201700022,5,13,1,IMPERIAL,2017,2017-11-07,Imperial,1,DIRECTOR Bombay Beach CSD,4,,Full,3,Kattro,Loyd,Appointed Incumbent,Y,1,6,17,0,99,99,2.5,0.1717171717171717,1,0,0,201700005,201700022,0,17,17,99,0,99,2.5,1
201700023,5,13,1,IMPERIAL,2017,2017-11-07,Imperial,1,DIRECTOR Bombay Beach CSD,4,,Full,3,Kelley,Nathan,Art Center Director,N,2,6,14,0,99,99,4.5,0.1414141414141414,2,0,0,201700005,201700023,0,14,14,99,0,99,4.5,2
201700024,5,13,1,IMPERIAL,2017,2017-11-07,Imperial,1,DIRECTOR Bombay Beach CSD,4,,Full,3,Morse,Richard,Musician/Business Owner,N,2,6,13,0,99,99,6.0,0.13131313131313133,2,0,0,201700005,201700024,0,13,13,99,0,99,6.0,2
201700025,5,13,1,IMPERIAL,2017,2017-11-07,Imperial,1,DIRECTOR Bombay Beach CSD,4,,Full,3,Sinibaldi,Pat,Housewife,N,2,6,14,0,99,99,4.5,0.1414141414141414,2,0,0,201700005,201700025,0,14,14,99,0,99,4.5,2
201700026,5,13,1,IMPERIAL,2017,2017-11-07,Imperial,1,DIRECTOR Bombay Beach CSD,4,,Full,3,Town,Gloria B.,Incumbent,Y,1,6,24,0,99,99,1.0,0.24242424242424243,1,0,0,201700005,201700026,0,24,24,99,0,99,1.0,1
201700009,2,11,1,GLENN,2017,2017-11-07,Glenn,1,DIRECTOR Butte City CSD,4,,Full,2,Campos,Jesus V.,Director of Butte City Community Services District,Y,1,5,9,0,68,68,3.5,0.1323529411764706,2,0,0,201700002,201700009,0,9,9,68,0,68,3.5,2
201700010,2,11,1,GLENN,2017,2017-11-07,Glenn,1,DIRECTOR Butte City CSD,4,,Full,2,Pearlman,Les,Business Owner,N,2,5,2,0,68,68,5.0,0.02941176470588235,2,0,0,201700002,201700010,0,2,2,68,0,68,5.0,2
201700011,2,11,1,GLENN,2017,2017-11-07,Glenn,1,DIRECTOR Butte City CSD,4,,Full,2,Regoli,Joseph Paul,Construction Worker,N,2,5,25,0,68,68,1.0,0.36764705882352944,1,0,0,201700002,201700011,0,25,25,68,0,68,1.0,1
201700012,2,11,1,GLENN,2017,2017-11-07,Glenn,1,DIRECTOR Butte City CSD,4,,Full,2,Scanlon,Kelly,Child Welfare Supervisor,N,2,5,23,0,68,68,2.0,0.3382352941176471,1,0,0,201700002,201700012,0,23,23,68,0,68,2.0,1
201700013,2,11,1,GLENN,2017,2017-11-07,Glenn,1,DIRECTOR Butte City CSD,4,,Full,2,Spencer,Marcus James,Student,N,2,5,9,0,68,68,3.5,0.1323529411764706,2,0,0,201700002,201700013,0,9,9,68,0,68,3.5,2
201700014,3,11,1,GLENN,2017,2017-11-07,Glenn,1,DIRECTOR Butte City CSD,4,,Short,1,Falcon,Rafael Humberto,Student,N,2,3,9,0,34,34,2.0,0.2647058823529412,2,0,0,201700003,201700014,0,9,9,34,0,34,2.0,2
201700015,3,11,1,GLENN,2017,2017-11-07,Glenn,1,DIRECTOR Butte City CSD,4,,Short,1,Humphrey,Kevin,Business Owner,N,2,3,25,0,34,34,1.0,0.7352941176470589,1,0,0,201700003,201700015,0,25,25,34,0,34,1.0,1
201700016,3,11,1,GLENN,2017,2017-11-07,Glenn,1,DIRECTOR Butte City CSD,4,,Short,1,Johnson,Sean,Truck Driver,N,2,3,0,0,34,34,3.0,0.0,2,0,0,201700003,201700016,0,0,0,34,0,34,3.0,2
201700001,1,6,1,COLUSA,2017,2017-11-07,Colusa,1,"DIRECTOR, Cortina CSD",4,,Full,5,Bradford,Rod A.,Farmer,N,2,8,31,3,182,185,1.0,0.16756756756756758,1,0,0,201700001,201700001,0,31,31,182,3,185,1.0,1
201700002,1,6,1,COLUSA,2017,2017-11-07,Colusa,1,"DIRECTOR, Cortina CSD",4,,Full,5,Gage,Karen,Retired Accountant,N,2,8,26,3,182,185,3.0,0.14054054054054055,1,0,0,201700001,201700002,0,26,26,182,3,185,3.0,1
201700003,1,6,1,COLUSA,2017,2017-11-07,Colusa,1,"DIRECTOR, Cortina CSD",4,,Full,5,Gibbons,Amy,No Ballot Designation,N,2,8,22,3,182,185,5.5,0.11891891891891893,2,0,0,201700001,201700003,0,22,22,182,3,185,5.5,2
201700004,1,6,1,COLUSA,2017,2017-11-07,Colusa,1,"DIRECTOR, Cortina CSD",4,,Full,5,Gomez,Abel,Landscaper,N,2,8,18,3,182,185,7.0,0.0972972972972973,2,0,0,201700001,201700004,0,18,18,182,3,185,7.0,2
201700005,1,6,1,COLUSA,2017,2017-11-07,Colusa,1,"DIRECTOR, Cortina CSD",4,,Full,5,Grice,Victor S.,Retired Engineer,N,2,8,25,3,182,185,4.0,0.13513513513513514,1,0,0,201700001,201700005,0,25,25,182,3,185,4.0,1
201700006,1,6,1,COLUSA,2017,2017-11-07,Colusa,1,"DIRECTOR, Cortina CSD",4,,Full,5,Jacobson,Joel,No Ballot Designation,N,2,8,11,3,182,185,8.0,0.05945945945945946,2,0,0,201700001,201700006,0,11,11,182,3,185,8.0,2
201700007,1,6,1,COLUSA,2017,2017-11-07,Colusa,1,"DIRECTOR, Cortina CSD",4,,Full,5,McCaustland,Shirley Ann,Retired Office Supervisor,N,2,8,22,3,182,185,5.5,0.11891891891891893,2,0,0,201700001,201700007,0,22,22,182,3,185,5.5,2
201700008,1,6,1,COLUSA,2017,2017-11-07,Colusa,1,"DIRECTOR, Cortina CSD",4,,Full,5,Wilderman,Terry,Firefighter/Paramedic,N,2,8,27,3,182,185,2.0,0.14594594594594595,1,0,0,201700001,201700008,0,27,27,182,3,185,2.0,1
201700034,7,14,1,INYO,2017,2017-11-07,Inyo,1,"DIRECTOR, Eastern Sierra CSD",4,,Full,3,Brown,Jeffrey L.,Appointed Incumbent,Y,1,4,585,4,2449,2453,3.0,0.23848348960456583,1,0,0,201700007,201700034,0,585,585,2449,4,2453,3.0,1
201700035,7,14,1,INYO,2017,2017-11-07,Inyo,1,"DIRECTOR, Eastern Sierra CSD",4,,Full,3,Pachucki,Walt,Incumbent Board President,Y,1,4,698,4,2449,2453,2.0,0.2845495311863025,1,0,0,201700007,201700035,0,698,698,2449,4,2453,2.0,1
201700036,7,14,1,INYO,2017,2017-11-07,Inyo,1,"DIRECTOR, Eastern Sierra CSD",4,,Full,3,Smith,Devon H.,Retired Wastewater Worker,N,2,4,391,4,2449,2453,4.0,0.15939665715450468,2,0,0,201700007,201700036,0,391,391,2449,4,2453,4.0,2
201700037,7,14,1,INYO,2017,2017-11-07,Inyo,1,"DIRECTOR, Eastern Sierra CSD",4,,Full,3,Winzenread,Robert,Incumbent Vice President,Y,1,4,775,4,2449,2453,1.0,0.31593966571545046,1,0,0,201700007,201700037,0,775,775,2449,4,2453,1.0,1
201700058,11,47,1,SISKIYOU,2017,2017-11-07,Siskiyou,1,"DIRECTOR, Hornbrook CSD",4,,Full,3,Hanson,Michele,No Ballot Designation,N,2,5,59,0,210,210,3.0,0.28095238095238095,1,0,0,201700011,201700058,0,59,59,210,0,210,3.0,1
201700059,11,47,1,SISKIYOU,2017,2017-11-07,Siskiyou,1,"DIRECTOR, Hornbrook CSD",4,,Full,3,Olson,Kimberly,No Ballot Designation,N,2,5,8,0,210,210,5.0,0.0380952380952381,2,0,0,201700011,201700059,0,8,8,210,0,210,5.0,2
201700060,11,47,1,SISKIYOU,2017,2017-11-07,Siskiyou,1,"DIRECTOR, Hornbrook CSD",4,,Full,3,Phillips,Kelly,No Ballot Designation,N,2,5,10,0,210,210,4.0,0.04761904761904762,2,0,0,201700011,201700060,0,10,10,210,0,210,4.0,2
201700061,11,47,1,SISKIYOU,2017,2017-11-07,Siskiyou,1,"DIRECTOR, Hornbrook CSD",4,,Full,3,"Puckett, Sr.",Robert D.,No Ballot Designation,Y,1,5,70,0,210,210,1.0,0.3333333333333333,1,0,0,201700011,201700061,0,70,70,210,0,210,1.0,1
201700062,11,47,1,SISKIYOU,2017,2017-11-07,Siskiyou,1,"DIRECTOR, Hornbrook CSD",4,,Full,3,Tuledo,Melissa Ann,No Ballot Designation,N,2,5,63,0,210,210,2.0,0.3,1,0,0,201700011,201700062,0,63,63,210,0,210,2.0,1
201700063,12,47,1,SISKIYOU,2017,2017-11-07,Siskiyou,1,"DIRECTOR, Hornbrook CSD",4,,Short,2,Brown,Patricia G.,No Ballot Designation,N,2,4,60,0,143,143,2.0,0.4195804195804196,1,0,0,201700012,201700063,0,60,60,143,0,143,2.0,1
201700064,12,47,1,SISKIYOU,2017,2017-11-07,Siskiyou,1,"DIRECTOR, Hornbrook CSD",4,,Short,2,Gifford,Roger,No Ballot Designation,N,2,4,8,0,143,143,4.0,0.05594405594405594,2,0,0,201700012,201700064,0,8,8,143,0,143,4.0,2
201700065,12,47,1,SISKIYOU,2017,2017-11-07,Siskiyou,1,"DIRECTOR, Hornbrook CSD",4,,Short,2,Schauffler,Bryant,No Ballot Designation,N,2,4,63,0,143,143,1.0,0.4405594405594406,1,0,0,201700012,201700065,0,63,63,143,0,143,1.0,1
201700066,12,47,1,SISKIYOU,2017,2017-11-07,Siskiyou,1,"DIRECTOR, Hornbrook CSD",4,,Short,2,Scheimer,Randall L.,No Ballot Designation,N,2,4,12,0,143,143,3.0,0.08391608391608392,2,0,0,201700012,201700066,0,12,12,143,0,143,3.0,2
201700071,14,53,1,TRINITY,2017,2017-11-07,Trinity,1,"DIRECTOR, Lewiston CSD",4,,Full,3,Cooper,Cydney,No Ballot Designation,Y,1,4,180,4,601,605,3.0,0.2975206611570248,1,0,0,201700014,201700071,0,180,180,601,4,605,3.0,1
201700072,14,53,1,TRINITY,2017,2017-11-07,Trinity,1,"DIRECTOR, Lewiston CSD",4,,Full,3,Covington,David,No Ballot Designation,Y,1,4,186,4,601,605,2.0,0.3074380165289256,1,0,0,201700014,201700072,0,186,186,601,4,605,2.0,1
201700073,14,53,1,TRINITY,2017,2017-11-07,Trinity,1,"DIRECTOR, Lewiston CSD",4,,Full,3,Deardorf,Melford,Fire Chief,Y,1,4,190,4,601,605,1.0,0.3140495867768595,1,0,0,201700014,201700073,0,190,190,601,4,605,1.0,1
201700074,14,53,1,TRINITY,2017,2017-11-07,Trinity,1,"DIRECTOR, Lewiston CSD",4,,Full,3,Graves,Kay,No Ballot Designation,N,2,4,45,4,601,605,4.0,0.0743801652892562,2,0,0,201700014,201700074,0,45,45,601,4,605,4.0,2
201700038,8,21,1,MARIN,2017,2017-11-07,Marin,1,"DIRECTOR, Marin City CSD",4,,Full,3,Ashby,Karen E.,Retired,N,2,7,49,3,1270,1273,7.0,0.0384917517674784,2,0,0,201700008,201700038,0,49,49,1270,3,1273,7.0,2
201700039,8,21,1,MARIN,2017,2017-11-07,Marin,1,"DIRECTOR, Marin City CSD",4,,Full,3,Harris-Green,Terrie,Environmental Human Development,N,2,7,247,3,1270,1273,2.0,0.19402985074626866,1,0,0,201700008,201700039,0,247,247,1270,3,1273,2.0,1
201700040,8,21,1,MARIN,2017,2017-11-07,Marin,1,"DIRECTOR, Marin City CSD",4,,Full,3,Matejka,Ken,Attorney,N,2,7,150,3,1270,1273,6.0,0.1178318931657502,2,0,0,201700008,201700040,0,150,150,1270,3,1273,6.0,2
201700041,8,21,1,MARIN,2017,2017-11-07,Marin,1,"DIRECTOR, Marin City CSD",4,,Full,3,McLemore,Royce Y.,Incumbent,Y,1,7,249,3,1270,1273,1.0,0.19560094265514533,1,0,0,201700008,201700041,0,249,249,1270,3,1273,1.0,1
201700042,8,21,1,MARIN,2017,2017-11-07,Marin,1,"DIRECTOR, Marin City CSD",4,,Full,3,Morgan,Damian,Appointed Incumbent,N,2,7,203,3,1270,1273,3.0,0.15946582875098192,1,0,0,201700008,201700042,0,203,203,1270,3,1273,3.0,1
201700043,8,21,1,MARIN,2017,2017-11-07,Marin,1,"DIRECTOR, Marin City CSD",4,,Full,3,Norman,Gerald R.,Incumbent,Y,1,7,170,3,1270,1273,5.0,0.1335428122545169,2,0,0,201700008,201700043,0,170,170,1270,3,1273,5.0,2
201700044,8,21,1,MARIN,2017,2017-11-07,Marin,1,"DIRECTOR, Marin City CSD",4,,Full,3,Parker,Donald,Appointed Incumbent,Y,1,7,202,3,1270,1273,4.0,0.1586802827965436,2,0,0,201700008,201700044,0,202,202,1270,3,1273,4.0,2
201700017,4,12,1,HUMBOLDT,2017,2017-11-07,Humboldt,1,"DIRECTOR, Mckinleyville CSD",4,,Full,1,Burke,Mary,Non-profit Program Coordinator,N,2,4,2006,0,2785,2785,1.0,0.7202872531418313,1,0,0,201700004,201700017,0,2006,2006,2785,0,2785,1.0,1
201700018,4,12,1,HUMBOLDT,2017,2017-11-07,Humboldt,1,"DIRECTOR, Mckinleyville CSD",4,,Full,1,Coelho,David,College Student,N,2,4,356,0,2785,2785,2.0,0.12782764811490124,2,0,0,201700004,201700018,0,356,356,2785,0,2785,2.0,2
201700019,4,12,1,HUMBOLDT,2017,2017-11-07,Humboldt,1,"DIRECTOR, Mckinleyville CSD",4,,Full,1,Oliver,Bonnie L.,Architect,N,2,4,128,0,2785,2785,4.0,0.04596050269299821,2,0,0,201700004,201700019,0,128,128,2785,0,2785,4.0,2
201700020,4,12,1,HUMBOLDT,2017,2017-11-07,Humboldt,1,"DIRECTOR, Mckinleyville CSD",4,,Full,1,Vance,James,Truck Driver,N,2,4,295,0,2785,2785,3.0,0.1059245960502693,2,0,0,201700004,201700020,0,295,295,2785,0,2785,3.0,2
201700045,9,21,1,MARIN,2017,2017-11-07,Marin,1,"DIRECTOR, Muir Beach CSD",4,,Full,3,Grose,Lynda,Incumbent,Y,1,5,73,2,541,543,4.0,0.13443830570902393,2,0,0,201700009,201700045,0,73,73,541,2,543,4.0,2
201700046,9,21,1,MARIN,2017,2017-11-07,Marin,1,"DIRECTOR, Muir Beach CSD",4,,Full,3,Hills,Leighton,Wireless ISP Manager,N,2,5,163,2,541,543,1.0,0.3001841620626151,1,0,0,201700009,201700046,0,163,163,541,2,543,1.0,1
201700047,9,21,1,MARIN,2017,2017-11-07,Marin,1,"DIRECTOR, Muir Beach CSD",4,,Full,3,Lambert,Peter C.,Incumbent,Y,1,5,86,2,541,543,3.0,0.15837937384898712,1,0,0,201700009,201700047,0,86,86,541,2,543,3.0,1
201700048,9,21,1,MARIN,2017,2017-11-07,Marin,1,"DIRECTOR, Muir Beach CSD",4,,Full,3,Schoenfeld,Frank,Physician/Educator,N,2,5,70,2,541,543,5.0,0.1289134438305709,2,0,0,201700009,201700048,0,70,70,541,2,543,5.0,2
201700049,9,21,1,MARIN,2017,2017-11-07,Marin,1,"DIRECTOR, Muir Beach CSD",4,,Full,3,Shaffer,Steven S.,No Ballot Designation,N,2,5,149,2,541,543,2.0,0.27440147329650094,1,0,0,201700009,201700049,0,149,149,541,2,543,2.0,1
201700067,13,50,1,STANISLAUS,2017,2017-11-07,Stanislaus,1,"DIRECTOR, Riverdale Park Tract CSD",4,,Full,2,Bixler,George,Board Member,Y,1,4,5,0,34,34,4.0,0.14705882352941177,2,0,0,201700013,201700067,0,5,5,34,0,34,4.0,2
201700068,13,50,1,STANISLAUS,2017,2017-11-07,Stanislaus,1,"DIRECTOR, Riverdale Park Tract CSD",4,,Full,2,Caro,"Rodolfo ""Rudy""",Retired Facilities Engineer,N,2,4,9,0,34,34,2.5,0.2647058823529412,2,0,0,201700013,201700068,0,9,9,34,0,34,2.5,2
201700069,13,50,1,STANISLAUS,2017,2017-11-07,Stanislaus,1,"DIRECTOR, Riverdale Park Tract CSD",4,,Full,2,Nunes,Linda,Realtor,N,2,4,11,0,34,34,1.0,0.3235294117647059,1,0,0,201700013,201700069,0,11,11,34,0,34,1.0,1
201700070,13,50,1,STANISLAUS,2017,2017-11-07,Stanislaus,1,"DIRECTOR, Riverdale Park Tract CSD",4,,Full,2,Shugart,Duane,Incumbent,Y,1,4,9,0,34,34,2.5,0.2647058823529412,2,0,0,201700013,201700070,0,9,9,34,0,34,2.5,2
201700027,6,13,1,IMPERIAL,2017,2017-11-07,Imperial,1,"DIRECTOR, Salton CSD",4,,Full,3,Aldridge,Fran,Incumbent,Y,1,7,88,0,601,601,4.0,0.1464226289517471,2,0,0,201700006,201700027,0,88,88,601,0,601,4.0,2
201700028,6,13,1,IMPERIAL,2017,2017-11-07,Imperial,1,"DIRECTOR, Salton CSD",4,,Full,3,Bennett,Larry R.,Insurance Broker,N,2,7,112,0,601,601,1.0,0.18635607321131448,1,0,0,201700006,201700028,0,112,112,601,0,601,1.0,1
201700029,6,13,1,IMPERIAL,2017,2017-11-07,Imperial,1,"DIRECTOR, Salton CSD",4,,Full,3,Flowers,Lizabeth,Insurance Agent,N,2,7,50,0,601,601,7.0,0.08319467554076539,2,0,0,201700006,201700029,0,50,50,601,0,601,7.0,2
201700030,6,13,1,IMPERIAL,2017,2017-11-07,Imperial,1,"DIRECTOR, Salton CSD",4,,Full,3,Gonzalez,"Salvador ""Sal""",Teacher,N,2,7,105,0,601,601,2.0,0.17470881863560733,1,0,0,201700006,201700030,0,105,105,601,0,601,2.0,1
201700031,6,13,1,IMPERIAL,2017,2017-11-07,Imperial,1,"DIRECTOR, Salton CSD",4,,Full,3,Klontz,"Walter ""Chris""",Incumbent,Y,1,7,81,0,601,601,5.0,0.13477537437603992,2,0,0,201700006,201700031,0,81,81,601,0,601,5.0,2
201700032,6,13,1,IMPERIAL,2017,2017-11-07,Imperial,1,"DIRECTOR, Salton CSD",4,,Full,3,Quiroz,Barbara,Retired Sales & Service Rep,N,2,7,94,0,601,601,3.0,0.15640599001663893,1,0,0,201700006,201700032,0,94,94,601,0,601,3.0,1
201700033,6,13,1,IMPERIAL,2017,2017-11-07,Imperial,1,"DIRECTOR, Salton CSD",4,,Full,3,Tapia,Jose Angel,Truck Driver,N,2,7,71,0,601,601,6.0,0.11813643926788686,2,0,0,201700006,201700033,0,71,71,601,0,601,6.0,2
201700075,15,53,1,TRINITY,2017,2017-11-07,Trinity,1,"DIRECTOR, Weaverville CSD",4,,Full,3,"Harvey, Jr.",Everett H.,No Ballot Designation,N,2,4,274,9,1191,1200,3.0,0.22833333333333333,1,0,0,201700015,201700075,0,274,274,1191,9,1200,3.0,1
201700076,15,53,1,TRINITY,2017,2017-11-07,Trinity,1,"DIRECTOR, Weaverville CSD",4,,Full,3,Kennedy,Lloyd Allen,Appointed Incumbent,Y,1,4,328,9,1191,1200,2.0,0.2733333333333333,1,0,0,201700015,201700076,0,328,328,1191,9,1200,2.0,1
201700077,15,53,1,TRINITY,2017,2017-11-07,Trinity,1,"DIRECTOR, Weaverville CSD",4,,Full,3,McFadden,Reno,No Ballot Designation,Y,1,4,226,9,1191,1200,4.0,0.18833333333333332,2,0,0,201700015,201700077,0,226,226,1191,9,1200,4.0,2
201700078,15,53,1,TRINITY,2017,2017-11-07,Trinity,1,"DIRECTOR, Weaverville CSD",4,,Full,3,Moodie,Andy,No Ballot Designation,Y,1,4,363,9,1191,1200,1.0,0.3025,1,0,0,201700015,201700078,0,363,363,1191,9,1200,1.0,1
201700050,10,36,1,SAN BERNARDINO,2017,2017-03-07,San Bernardino,1,"DIRECTOR, Wrightwood CSD-P",4,,Full,5,Carroll,Stephanie,Self Employed,N,2,8,452,0,3061,3061,3.0,0.14766416203854948,1,0,0,201700010,201700050,0,452,452,3061,0,3061,3.0,1
201700051,10,36,1,SAN BERNARDINO,2017,2017-03-07,San Bernardino,1,"DIRECTOR, Wrightwood CSD-P",4,,Full,5,Ciccarelli,Andrew,No Ballot Designation,N,2,8,96,0,3061,3061,8.0,0.03136229990199281,2,0,0,201700010,201700051,0,96,96,3061,0,3061,8.0,2
201700052,10,36,1,SAN BERNARDINO,2017,2017-03-07,San Bernardino,1,"DIRECTOR, Wrightwood CSD-P",4,,Full,5,Ciccarelli,Monica,Pediatric Nurse,N,2,8,295,0,3061,3061,7.0,0.09637373407383208,2,0,0,201700010,201700052,0,295,295,3061,0,3061,7.0,2
201700053,10,36,1,SAN BERNARDINO,2017,2017-03-07,San Bernardino,1,"DIRECTOR, Wrightwood CSD-P",4,,Full,5,Franklin,"Charles ""Chuck""",No Ballot Designation,N,2,8,365,0,3061,3061,6.0,0.1192420777523685,2,0,0,201700010,201700053,0,365,365,3061,0,3061,6.0,2
201700054,10,36,1,SAN BERNARDINO,2017,2017-03-07,San Bernardino,1,"DIRECTOR, Wrightwood CSD-P",4,,Full,5,Hordyk,Leo W.,Restaurant Owner,N,2,8,521,0,3061,3061,1.0,0.17020581509310684,1,0,0,201700010,201700054,0,521,521,3061,0,3061,1.0,1
201700055,10,36,1,SAN BERNARDINO,2017,2017-03-07,San Bernardino,1,"DIRECTOR, Wrightwood CSD-P",4,,Full,5,Lopiccolo,Natalie,Office Coordinator,N,2,8,419,0,3061,3061,5.0,0.13688337144723947,1,0,0,201700010,201700055,0,419,419,3061,0,3061,5.0,1
201700056,10,36,1,SAN BERNARDINO,2017,2017-03-07,San Bernardino,1,"DIRECTOR, Wrightwood CSD-P",4,,Full,5,Schneider,Michelle,Educator,N,2,8,467,0,3061,3061,2.0,0.15256452139823587,1,0,0,201700010,201700056,0,467,467,3061,0,3061,2.0,1
201700057,10,36,1,SAN BERNARDINO,2017,2017-03-07,San Bernardino,1,"DIRECTOR, Wrightwood CSD-P",4,,Full,5,Zuber,Wes,Business Owner,N,2,8,446,0,3061,3061,4.0,0.14570401829467494,1,0,0,201700010,201700057,0,446,446,3061,0,3061,4.0,1
201700103,49,19,2,LOS ANGELES,2017,2017-03-07,Los Angeles,0,CITY ATTORNEY,6,,Full,1,Feuer,Mike,Los Angeles City Attorney,Y,1,1,306867,0,306867,306867,1.0,1.0,1,0,0,201700049,201700103,0,306867,306867,306867,0,306867,1.0,1
201700104,73,19,2,LOS ANGELES,2017,2017-03-07,Redondo Beach,0,CITY ATTORNEY,6,,Full,1,Webb,Michael W.,Redondo Beach City Attorney,Y,1,1,9903,0,9903,9903,1.0,1.0,1,0,0,201700073,201700104,0,9903,9903,9903,0,9903,1.0,1
201700416,104,19,2,LOS ANGELES,2017,2017-04-18,Compton,0,CITY ATTORNEY,6,,Full,1,Cornwell,Craig J.,Compton City Attorney,Y,1,2,4175,41,6471,6512,1.0,0.6411240786240786,1,0,0,201700103,201700416,0,4175,4175,6471,41,6512,1.0,1
201700417,104,19,2,LOS ANGELES,2017,2017-04-18,Compton,0,CITY ATTORNEY,6,,Full,1,Musante,Marcus,Attorney,N,2,2,2296,41,6471,6512,2.0,0.3525798525798526,2,0,0,201700103,201700417,0,2296,2296,6471,41,6512,2.0,2
201700093,21,19,2,LOS ANGELES,2017,2017-02-28,Burbank,0,CITY CLERK,6,,Full,1,Mullins,Zizette,Incumbent,Y,1,1,7946,0,7946,7946,1.0,1.0,1,0,0,201700021,201700093,0,7946,7946,7946,0,7946,1.0,1
201700105,82,19,2,LOS ANGELES,2017,2017-03-07,San Gabriel,0,CITY CLERK,6,,Full,1,Albert,Florencia,Attorney/Businessowner/Volunteer,N,2,3,1205,0,3374,3374,2.0,0.35714285714285715,2,1,0,201700082,201700105,0,1205,1205,3374,0,3374,2.0,2
201700106,82,19,2,LOS ANGELES,2017,2017-03-07,San Gabriel,0,CITY CLERK,6,,Full,1,Garcia,Mary Acuña,Community Volunteer,N,2,3,708,0,3374,3374,3.0,0.2098399525785418,2,0,0,201700082,201700106,0,708,708,3374,0,3374,3.0,2
201700107,82,19,2,LOS ANGELES,2017,2017-03-07,San Gabriel,0,CITY CLERK,6,,Full,1,Nguyen,"Thu ""Julie""",Office Manager,N,2,3,1461,0,3374,3374,1.0,0.4330171902786011,1,1,0,201700082,201700107,0,1461,1461,3374,0,3374,1.0,1
201700108,87,19,2,LOS ANGELES,2017,2017-03-07,South Gate,0,CITY CLERK,6,,Full,1,Avalos,Carmen,City Clerk,Y,1,2,2351,0,4650,4650,1.0,0.5055913978494624,1,0,0,201700087,201700108,0,2351,2351,4650,0,4650,1.0,1
201700109,87,19,2,LOS ANGELES,2017,2017-03-07,South Gate,0,CITY CLERK,6,,Full,1,Hurtado,Gil,Councilmember,N,2,2,2299,0,4650,4650,2.0,0.4944086021505376,2,0,0,201700087,201700109,0,2299,2299,4650,0,4650,2.0,2
201700110,24,19,2,LOS ANGELES,2017,2017-03-07,Azusa,0,CITY CLERK,6,,Full,1,"Cornejo, Jr.",Jeffrey L.,City Treasurer,N,2,1,2798,0,2798,2798,1.0,1.0,1,0,0,201700024,201700110,0,2798,2798,2798,0,2798,1.0,1
201700111,33,19,2,LOS ANGELES,2017,2017-03-07,Covina,0,CITY CLERK,6,,Full,1,Walczak,Mary Lou,Covina City Clerk,Y,1,1,2826,0,2826,2826,1.0,1.0,1,0,0,201700033,201700111,0,2826,2826,2826,0,2826,1.0,1
201700112,37,19,2,LOS ANGELES,2017,2017-03-07,Gardena,0,CITY CLERK,6,,Full,1,Semeza,Mina,City Clerk,Y,1,1,5006,0,5006,5006,1.0,1.0,1,0,0,201700037,201700112,0,5006,5006,5006,0,5006,1.0,1
201700113,62,19,2,LOS ANGELES,2017,2017-03-07,Monterey Park,0,CITY CLERK,6,,Full,1,Chang,Vincent Dionicio,City Clerk/Attorney,Y,1,1,3685,0,3685,3685,1.0,1.0,1,0,0,201700062,201700113,0,3685,3685,3685,0,3685,1.0,1
201700380,92,19,2,LOS ANGELES,2017,2017-04-04,Glendale,0,CITY CLERK,6,,Full,1,Kassakhian,"Ardashes ""Ardy""",City Clerk of Glendale,Y,1,1,15347,0,15347,15347,1.0,1.0,1,0,0,201700091,201700380,0,15347,15347,15347,0,15347,1.0,1
201700397,99,19,2,LOS ANGELES,2017,2017-04-11,Monrovia,0,CITY CLERK,6,,Full,1,Atkins,Alice D.,City Clerk,Y,1,1,2178,0,2178,2178,1.0,1.0,1,0,0,201700098,201700397,0,2178,2178,2178,0,2178,1.0,1
201700418,105,19,2,LOS ANGELES,2017,2017-04-18,Compton,0,CITY CLERK,6,,Full,1,Godwin,Alita L.,Compton City Clerk,Y,1,2,3514,25,6542,6567,1.0,0.5350997411298919,1,0,0,201700104,201700418,0,3514,3514,6542,25,6567,1.0,1
201700419,105,19,2,LOS ANGELES,2017,2017-04-18,Compton,0,CITY CLERK,6,,Full,1,Zurita,Satra D.,"Trustee, Governing Board Member, Compton Unified",N,2,2,3028,25,6542,6567,2.0,0.46109334551545605,2,0,0,201700104,201700419,0,3028,3028,6542,25,6567,2.0,2
201700530,135,33,2,RIVERSIDE,2017,2017-11-07,Blythe,0,CITY CLERK,6,,Full,1,Sutterfield-Crecelius,Mallory,Incumbent,Y,1,1,1008,0,1008,1008,1.0,1.0,1,0,0,201700134,201700530,0,1008,1008,1008,0,1008,1.0,1
201700114,50,19,2,LOS ANGELES,2017,2017-03-07,Los Angeles,0,CITY CONTROLLER,6,,Full,1,Galperin,Ron S.,Los Angeles City Controller,Y,1,1,291321,0,291321,291321,1.0,1.0,1,0,0,201700050,201700114,0,291321,291321,291321,0,291321,1.0,1
201700079,16,1,2,ALAMEDA,2017,2017-03-07,Berkeley,0,CITY COUNCIL,2,4,Short,1,Gould,Ben,Environmental Analyst/Researcher,N,2,2,992,7,2599,2606,2.0,0.3806600153491942,2,0,0,201700016,201700079,0,992,992,2599,7,2606,2.0,2
201700080,16,1,2,ALAMEDA,2017,2017-03-07,Berkeley,0,CITY COUNCIL,2,4,Short,1,Harrison,Kate,International Justice Advisor,N,2,2,1607,7,2599,2606,1.0,0.6166538756715273,1,0,0,201700016,201700080,0,1607,1607,2599,7,2606,1.0,1
201700081,17,10,2,FRESNO,2017,2017-03-07,Clovis,0,CITY COUNCIL,2,,Full,2,Ashbeck,Lynne,Councilmember/Hospital Vice-President,Y,1,2,7782,105,12478,12583,1.0,0.6184534689660653,1,0,0,201700017,201700081,0,7782,7782,12478,105,12583,1.0,1
201700082,17,10,2,FRESNO,2017,2017-03-07,Clovis,0,CITY COUNCIL,2,,Full,2,Mouanoutoua,Vongsavanh,Planning Commissioner/Educator,Y,1,2,4696,105,12478,12583,2.0,0.37320193912421523,1,0,0,201700017,201700082,0,4696,4696,12478,105,12583,2.0,1
201700083,18,10,2,FRESNO,2017,2017-03-07,Clovis,0,CITY COUNCIL,2,,Short,1,Bessinger,Drew M.,Peace Officer,Y,1,3,6155,18,9173,9191,1.0,0.6696768577956697,1,0,0,201700018,201700083,0,6155,6155,9173,18,9191,1.0,1
201700084,18,10,2,FRESNO,2017,2017-03-07,Clovis,0,CITY COUNCIL,2,,Short,1,Perry,Aaronjack,No Ballot Designation,N,2,3,217,18,9173,9191,3.0,0.02361005331302361,2,0,0,201700018,201700084,0,217,217,9173,18,9191,3.0,2
201700085,18,10,2,FRESNO,2017,2017-03-07,Clovis,0,CITY COUNCIL,2,,Short,1,Soares,"Paulo ""Paul""",Healthcare Executive,N,2,3,2801,18,9173,9191,2.0,0.30475465128930473,2,0,0,201700018,201700085,0,2801,2801,9173,18,9191,2.0,2
201700086,19,13,2,IMPERIAL,2017,2017-11-07,Brawley,0,CITY COUNCIL,2,,Full,2,Castro,Ramon,No Ballot Designation,N,2,4,1049,0,4556,4556,3.0,0.23024582967515364,2,0,0,201700019,201700086,0,1049,1049,4556,0,4556,3.0,2
201700087,19,13,2,IMPERIAL,2017,2017-11-07,Brawley,0,CITY COUNCIL,2,,Full,2,Couchman,Sam,Incumbent,Y,1,4,1204,0,4556,4556,2.0,0.2642669007901668,1,0,0,201700019,201700087,0,1204,1204,4556,0,4556,2.0,1
201700088,19,13,2,IMPERIAL,2017,2017-11-07,Brawley,0,CITY COUNCIL,2,,Full,2,Hamby,Luke,No Ballot Designation,N,2,4,1445,0,4556,4556,1.0,0.31716417910447764,1,0,0,201700019,201700088,0,1445,1445,4556,0,4556,1.0,1
201700089,19,13,2,IMPERIAL,2017,2017-11-07,Brawley,0,CITY COUNCIL,2,,Full,2,Noriega,Helen M.,Incumbent,Y,1,4,858,0,4556,4556,4.0,0.18832309043020193,2,0,0,201700019,201700089,0,858,858,4556,0,4556,4.0,2
201700090,20,15,2,KERN,2017,2017-06-06,Bakersfield,0,CITY COUNCIL,2,5,Full,1,Freeman,Bruce,Businessman,Y,1,3,3649,0,5881,5881,1.0,0.6204727087230063,1,0,0,201700020,201700090,0,3649,3649,5881,0,5881,1.0,1
201700091,20,15,2,KERN,2017,2017-06-06,Bakersfield,0,CITY COUNCIL,2,5,Full,1,Nance,Ryan,Vocational Instructor,N,2,3,1923,0,5881,5881,2.0,0.32698520659751745,2,0,0,201700020,201700091,0,1923,1923,5881,0,5881,2.0,2
201700092,20,15,2,KERN,2017,2017-06-06,Bakersfield,0,CITY COUNCIL,2,5,Full,1,Pineo,Noel,Stay-at-Home Father,N,2,3,309,0,5881,5881,3.0,0.05254208467947628,2,0,0,201700020,201700092,0,309,309,5881,0,5881,3.0,2
201700094,22,19,2,LOS ANGELES,2017,2017-02-28,Burbank,0,CITY COUNCIL,2,,Full,3,Anthony,Konstantine,Social Media Manager,N,2,8,2117,0,28705,28705,7.0,0.07375021773210243,2,0,0,201700022,201700094,0,2117,2117,28705,0,28705,7.0,2
201700095,22,19,2,LOS ANGELES,2017,2017-02-28,Burbank,0,CITY COUNCIL,2,,Full,3,Carr,Richard,Retired Property Manager,N,2,8,1429,0,28705,28705,8.0,0.04978226789757882,2,0,0,201700022,201700095,0,1429,1429,28705,0,28705,8.0,2
201700096,22,19,2,LOS ANGELES,2017,2017-02-28,Burbank,0,CITY COUNCIL,2,,Full,3,Frutos,"Robert ""Bob""",Retired Policeman/Councilmember,Y,1,8,5320,0,28705,28705,2.0,0.18533356558090924,3,0,1,201700022,201700096,0,5320,5320,28705,0,28705,2.0,3
201700097,22,19,2,LOS ANGELES,2017,2017-02-28,Burbank,0,CITY COUNCIL,2,,Full,3,Gordon,David,Incumbent,Y,1,8,4799,0,28705,28705,3.0,0.1671834175230796,3,0,1,201700022,201700097,0,4799,4799,28705,0,28705,3.0,3
201700098,22,19,2,LOS ANGELES,2017,2017-02-28,Burbank,0,CITY COUNCIL,2,,Full,3,Guillen,Juan,Small Business Owner,N,2,8,3176,0,28705,28705,5.0,0.11064274516634733,3,0,1,201700022,201700098,0,3176,3176,28705,0,28705,5.0,3
201700099,22,19,2,LOS ANGELES,2017,2017-02-28,Burbank,0,CITY COUNCIL,2,,Full,3,Sousa,Gregory R.,Studio Transportation Driver,N,2,8,2465,0,28705,28705,6.0,0.08587354119491378,2,0,0,201700022,201700099,0,2465,2465,28705,0,28705,6.0,2
201700100,22,19,2,LOS ANGELES,2017,2017-02-28,Burbank,0,CITY COUNCIL,2,,Full,3,Springer,Sharon,Non Profit Administrator,N,2,8,3914,0,28705,28705,4.0,0.13635255182024036,3,0,1,201700022,201700100,0,3914,3914,28705,0,28705,4.0,3
201700101,22,19,2,LOS ANGELES,2017,2017-02-28,Burbank,0,CITY COUNCIL,2,,Full,3,Talamantes,Jess,Councilmember/Retired Firefighter,Y,1,8,5485,0,28705,28705,1.0,0.19108169308482842,1,0,0,201700022,201700101,0,5485,5485,28705,0,28705,1.0,1
201700115,25,19,2,LOS ANGELES,2017,2017-03-07,Azusa,0,CITY COUNCIL,2,,Full,2,Alvarez,Edward J.,Councilmember/Federal Auditor,Y,1,3,1907,0,5104,5104,2.0,0.373628526645768,1,0,0,201700025,201700115,0,1907,1907,5104,0,5104,2.0,1
201700116,25,19,2,LOS ANGELES,2017,2017-03-07,Azusa,0,CITY COUNCIL,2,,Full,2,Gonzales,Robert,Councilmember,Y,1,3,2075,0,5104,5104,1.0,0.4065438871473354,1,0,0,201700025,201700116,0,2075,2075,5104,0,5104,1.0,1
201700117,25,19,2,LOS ANGELES,2017,2017-03-07,Azusa,0,CITY COUNCIL,2,,Full,2,Mendez,Andrew N.,Businessman/Realtor,N,2,3,1122,0,5104,5104,3.0,0.21982758620689655,2,0,0,201700025,201700117,0,1122,1122,5104,0,5104,3.0,2
201700118,28,19,2,LOS ANGELES,2017,2017-03-07,Bell,0,CITY COUNCIL,2,,Full,2,Alvarez,Violeta,Businesswoman,N,2,4,723,0,2857,2857,3.0,0.25306265313265663,2,0,0,201700028,201700118,0,723,723,2857,0,2857,3.0,2
201700119,28,19,2,LOS ANGELES,2017,2017-03-07,Bell,0,CITY COUNCIL,2,,Full,2,Lopez,Susana,Immigration Legal Assistant,N,2,4,495,0,2857,2857,4.0,0.17325866293314665,2,0,0,201700028,201700119,0,495,495,2857,0,2857,4.0,2
201700120,28,19,2,LOS ANGELES,2017,2017-03-07,Bell,0,CITY COUNCIL,2,,Full,2,Quintana,Ana Maria,Councilmember/Attorney,Y,1,4,814,0,2857,2857,2.0,0.28491424571228563,1,0,0,201700028,201700120,0,814,814,2857,0,2857,2.0,1
201700121,28,19,2,LOS ANGELES,2017,2017-03-07,Bell,0,CITY COUNCIL,2,,Full,2,Romero,Alicia,Councilmember/Educator,Y,1,4,825,0,2857,2857,1.0,0.2887644382219111,1,0,0,201700028,201700121,0,825,825,2857,0,2857,1.0,1
201700122,29,19,2,LOS ANGELES,2017,2017-03-07,Bellflower,0,CITY COUNCIL,2,,Full,2,Drayer,John Paul,Educator/Businessman,N,2,5,723,0,7291,7291,4.0,0.09916335207790426,2,0,0,201700029,201700122,0,723,723,7291,0,7291,4.0,2
201700123,29,19,2,LOS ANGELES,2017,2017-03-07,Bellflower,0,CITY COUNCIL,2,,Full,2,Garza,Juan F.,Appointed City Councilmember/Consultant,Y,1,5,2087,0,7291,7291,2.0,0.2862433136743931,1,0,0,201700029,201700123,0,2087,2087,7291,0,7291,2.0,1
201700124,29,19,2,LOS ANGELES,2017,2017-03-07,Bellflower,0,CITY COUNCIL,2,,Full,2,Koops,Dan,Councilmember/Businessman,Y,1,5,2221,0,7291,7291,1.0,0.30462213688108625,1,0,0,201700029,201700124,0,2221,2221,7291,0,7291,1.0,1
201700125,29,19,2,LOS ANGELES,2017,2017-03-07,Bellflower,0,CITY COUNCIL,2,,Full,2,Mejia,Rene E.,Healthcare Wholesaler/Educator,N,2,5,625,0,7291,7291,5.0,0.08572212316554656,2,0,0,201700029,201700125,0,625,625,7291,0,7291,5.0,2
201700126,29,19,2,LOS ANGELES,2017,2017-03-07,Bellflower,0,CITY COUNCIL,2,,Full,2,Wilson,"Robert ""Bob""",Small Business Owner,N,2,5,1635,0,7291,7291,3.0,0.22424907420106982,2,0,0,201700029,201700126,0,1635,1635,7291,0,7291,3.0,2
201700127,30,19,2,LOS ANGELES,2017,2017-03-07,Beverly Hills,0,CITY COUNCIL,2,,Full,3,Bilak,Frances,City Commissioner/Attorney,N,2,8,1078,0,12113,12113,7.0,0.0889952943118963,2,0,0,201700030,201700127,0,1078,1078,12113,0,12113,7.0,2
201700128,30,19,2,LOS ANGELES,2017,2017-03-07,Beverly Hills,0,CITY COUNCIL,2,,Full,3,Finkel,Eliot,Treasurer of Beverly Hills,N,2,8,1652,0,12113,12113,5.0,0.13638239907537356,2,0,0,201700030,201700128,0,1652,1652,12113,0,12113,5.0,2
201700129,30,19,2,LOS ANGELES,2017,2017-03-07,Beverly Hills,0,CITY COUNCIL,2,,Full,3,Friedman,Les,Attourney/Beverely Hills Commissioner,N,2,8,1966,0,12113,12113,2.0,0.1623049616114918,1,0,0,201700030,201700129,0,1966,1966,12113,0,12113,2.0,1
201700130,30,19,2,LOS ANGELES,2017,2017-03-07,Beverly Hills,0,CITY COUNCIL,2,,Full,3,Kranse,Nancy,Vice-Mayor/Councilmember/Educator,Y,1,8,1930,0,12113,12113,4.0,0.159332948072319,2,0,0,201700030,201700130,0,1930,1930,12113,0,12113,4.0,2
201700131,30,19,2,LOS ANGELES,2017,2017-03-07,Beverly Hills,0,CITY COUNCIL,2,,Full,3,Markowitz,Vera,Businesswoman,N,2,8,1147,0,12113,12113,6.0,0.09469165359531083,2,0,0,201700030,201700131,0,1147,1147,12113,0,12113,6.0,2
201700132,30,19,2,LOS ANGELES,2017,2017-03-07,Beverly Hills,0,CITY COUNCIL,2,,Full,3,Mirisch,John A.,"Mayor, City of Beverly Hills",N,2,8,2154,0,12113,12113,1.0,0.17782547676050525,1,0,0,201700030,201700132,0,2154,2154,12113,0,12113,1.0,1
201700133,30,19,2,LOS ANGELES,2017,2017-03-07,Beverly Hills,0,CITY COUNCIL,2,,Full,3,Wayne,Jim,Business Owner,N,2,8,238,0,12113,12113,8.0,0.01964831173119789,2,0,0,201700030,201700133,0,238,238,12113,0,12113,8.0,2
201700134,30,19,2,LOS ANGELES,2017,2017-03-07,Beverly Hills,0,CITY COUNCIL,2,,Full,3,Wunderlich,Robert (Bob),Economist/MWD Director,N,2,8,1948,0,12113,12113,3.0,0.1608189548419054,1,0,0,201700030,201700134,0,1948,1948,12113,0,12113,3.0,1
201700135,32,19,2,LOS ANGELES,2017,2017-03-07,Claremont,0,CITY COUNCIL,2,,Full,2,Calaycay,Corey,City Councilmember,Y,1,8,3271,0,11747,11747,2.0,0.27845407338043754,1,0,0,201700032,201700135,0,3271,3271,11747,0,11747,2.0,1
201700136,32,19,2,LOS ANGELES,2017,2017-03-07,Claremont,0,CITY COUNCIL,2,,Full,2,Courser,Zachary,Professor,N,2,8,2135,0,11747,11747,3.0,0.18174853153996764,2,0,0,201700032,201700136,0,2135,2135,11747,0,11747,3.0,2
201700137,32,19,2,LOS ANGELES,2017,2017-03-07,Claremont,0,CITY COUNCIL,2,,Full,2,Grynchal,Anthony,Realtor,N,2,8,926,0,11747,11747,4.0,0.07882863709883374,2,0,0,201700032,201700137,0,926,926,11747,0,11747,4.0,2
201700138,32,19,2,LOS ANGELES,2017,2017-03-07,Claremont,0,CITY COUNCIL,2,,Full,2,Johnson,Korey,Business Leader,N,2,8,178,0,11747,11747,8.0,0.01515280497148208,2,0,0,201700032,201700138,0,178,178,11747,0,11747,8.0,2
201700139,32,19,2,LOS ANGELES,2017,2017-03-07,Claremont,0,CITY COUNCIL,2,,Full,2,Keenan,Michael,Professional Window Cleaner,N,2,8,367,0,11747,11747,7.0,0.03124201923895463,2,0,0,201700032,201700139,0,367,367,11747,0,11747,7.0,2
201700140,32,19,2,LOS ANGELES,2017,2017-03-07,Claremont,0,CITY COUNCIL,2,,Full,2,Monroe,Murray G.,Investment Advisor,N,2,8,441,0,11747,11747,6.0,0.03754149995743594,2,0,0,201700032,201700140,0,441,441,11747,0,11747,6.0,2
201700141,32,19,2,LOS ANGELES,2017,2017-03-07,Claremont,0,CITY COUNCIL,2,,Full,2,Prattela,Abraham,CEO/Realtor/Pastor,N,2,8,630,0,11747,11747,5.0,0.05363071422490849,2,0,0,201700032,201700141,0,630,630,11747,0,11747,5.0,2
201700142,32,19,2,LOS ANGELES,2017,2017-03-07,Claremont,0,CITY COUNCIL,2,,Full,2,Shroeder,Larry,City Councilmember,Y,1,8,3799,0,11747,11747,1.0,0.3234017195879799,1,0,0,201700032,201700142,0,3799,3799,11747,0,11747,1.0,1
201700143,34,19,2,LOS ANGELES,2017,2017-03-07,Covina,0,CITY COUNCIL,2,,Full,3,King,John C.,Councilmember/Business Manager,Y,1,4,2450,0,8288,8288,2.0,0.2956081081081081,1,0,0,201700034,201700143,0,2450,2450,7282,0,7282,2.0,1
201700144,34,19,2,LOS ANGELES,2017,2017-03-07,Covina,0,CITY COUNCIL,2,,Full,3,Linares,Victor,Businessman,N,2,4,2232,0,8288,8288,3.0,0.2693050193050193,1,0,0,201700034,201700144,0,2232,2232,7282,0,7282,3.0,1
201700145,34,19,2,LOS ANGELES,2017,2017-03-07,Covina,0,CITY COUNCIL,2,,Full,3,Marquez,Jorge A.,Field Deputy/Councilmember,Y,1,4,2600,0,8288,8288,1.0,0.3137065637065637,1,0,0,201700034,201700145,0,2600,2600,7282,0,7282,1.0,1
201700146,34,19,2,LOS ANGELES,2017,2017-03-07,Covina,0,CITY COUNCIL,2,,Full,3,Polzin,Neil L.,Internet/Fleet Manager,N,2,4,1006,0,8288,8288,4.0,0.12138030888030887,2,0,0,201700034,201700146,0,1006,1006,8288,0,8288,4.0,2
201700147,36,19,2,LOS ANGELES,2017,2017-03-07,Cuadahy,0,CITY COUNCIL,2,,Full,2,Fragoso,Carlos,Business Owner,N,2,9,24,0,2426,2426,9.0,0.00989282769991756,2,0,0,201700036,201700147,0,24,24,2426,0,2426,9.0,2
201700148,36,19,2,LOS ANGELES,2017,2017-03-07,Cuadahy,0,CITY COUNCIL,2,,Full,2,Fuentes,Martin U.,Business/Planning Commissioner,N,2,9,350,0,2426,2426,5.0,0.1442704039571311,2,0,0,201700036,201700148,0,350,350,2426,0,2426,5.0,2
201700149,36,19,2,LOS ANGELES,2017,2017-03-07,Cuadahy,0,CITY COUNCIL,2,,Full,2,Garcia,Chris,CEO/Councilmember,Y,1,9,552,0,2426,2426,2.0,0.22753503709810388,1,0,0,201700036,201700149,0,552,552,2426,0,2426,2.0,1
201700150,36,19,2,LOS ANGELES,2017,2017-03-07,Cuadahy,0,CITY COUNCIL,2,,Full,2,Guerrero,Jack M.,Councilman/CPA/Economist,Y,1,9,559,0,2426,2426,1.0,0.2304204451772465,1,0,0,201700036,201700150,0,559,559,2426,0,2426,1.0,1
201700151,36,19,2,LOS ANGELES,2017,2017-03-07,Cuadahy,0,CITY COUNCIL,2,,Full,2,Lopez,Jesus Ruiz,Business Owner,N,2,9,39,0,2426,2426,8.0,0.01607584501236603,2,0,0,201700036,201700151,0,39,39,2426,0,2426,8.0,2
201700152,36,19,2,LOS ANGELES,2017,2017-03-07,Cuadahy,0,CITY COUNCIL,2,,Full,2,Ochoa,Adam Alexander,Health Care Represenative,N,2,9,44,0,2426,2426,7.0,0.01813685078318219,2,0,0,201700036,201700152,0,44,44,2426,0,2426,7.0,2
201700153,36,19,2,LOS ANGELES,2017,2017-03-07,Cuadahy,0,CITY COUNCIL,2,,Full,2,Ramirez,Jessica,Accountant/Coordinator,N,2,9,62,0,2426,2426,6.0,0.02555647155812036,2,0,0,201700036,201700153,0,62,62,2426,0,2426,6.0,2
201700154,36,19,2,LOS ANGELES,2017,2017-03-07,Cuadahy,0,CITY COUNCIL,2,,Full,2,Rodriguez,Elizabeth,Public Safety Commisionner,N,2,9,441,0,2426,2426,3.0,0.18178070898598517,2,0,0,201700036,201700154,0,441,441,2426,0,2426,3.0,2
201700155,36,19,2,LOS ANGELES,2017,2017-03-07,Cuadahy,0,CITY COUNCIL,2,,Full,2,Vasquez,Sergio,No Ballot Designation,N,2,9,355,0,2426,2426,4.0,0.14633140972794723,2,0,0,201700036,201700155,0,355,355,2426,0,2426,4.0,2
201700156,38,19,2,LOS ANGELES,2017,2017-03-07,Gardena,0,CITY COUNCIL,2,,Full,2,Chandler-Cole,Charity,Healthcare Nonprofit Director,N,2,8,1286,0,10098,10098,4.0,0.12735195088136264,2,0,0,201700038,201700156,0,1286,1286,10098,0,10098,4.0,2
201700157,38,19,2,LOS ANGELES,2017,2017-03-07,Gardena,0,CITY COUNCIL,2,,Full,2,Francis,Paulette C.,Teacher,N,2,8,1648,0,10098,10098,3.0,0.1632006337888691,2,0,0,201700038,201700157,0,1648,1648,10098,0,10098,3.0,2
201700158,38,19,2,LOS ANGELES,2017,2017-03-07,Gardena,0,CITY COUNCIL,2,,Full,2,Jamora,Nolan,Director Operations/Businessowner,N,2,8,620,0,10098,10098,6.0,0.06139829669241434,2,0,0,201700038,201700158,0,620,620,10098,0,10098,6.0,2
201700159,38,19,2,LOS ANGELES,2017,2017-03-07,Gardena,0,CITY COUNCIL,2,,Full,2,Kaskanian,"Harout ""Art""",Businessman/Planning Commisionner,N,2,8,1760,0,10098,10098,2.0,0.17429193899782136,1,0,0,201700038,201700159,0,1760,1760,10098,0,10098,2.0,1
201700160,38,19,2,LOS ANGELES,2017,2017-03-07,Gardena,0,CITY COUNCIL,2,,Full,2,Lawrence,Shannon W.,Civil Servant/Analyst,N,2,8,570,0,10098,10098,7.0,0.0564468211527035,2,0,0,201700038,201700160,0,570,570,10098,0,10098,7.0,2
201700161,38,19,2,LOS ANGELES,2017,2017-03-07,Gardena,0,CITY COUNCIL,2,,Full,2,Le,Cammie,Analyst/R.E. Broker,N,2,8,501,0,10098,10098,8.0,0.04961378490790255,2,0,0,201700038,201700161,0,501,501,10098,0,10098,8.0,2
201700162,38,19,2,LOS ANGELES,2017,2017-03-07,Gardena,0,CITY COUNCIL,2,,Full,2,Love,Wanda,Director Chamber Commerce,N,2,8,966,0,10098,10098,5.0,0.09566250742721331,2,0,0,201700038,201700162,0,966,966,10098,0,10098,5.0,2
201700163,38,19,2,LOS ANGELES,2017,2017-03-07,Gardena,0,CITY COUNCIL,2,,Full,2,Tanaka,Rodney G.,Pastor/Retired Policeman,N,2,8,2747,0,10098,10098,1.0,0.2720340661517132,1,0,0,201700038,201700163,0,2747,2747,10098,0,10098,1.0,1
201700164,41,19,2,LOS ANGELES,2017,2017-03-07,Glendora,0,CITY COUNCIL,2,,Full,2,Allawos,Michael,Chief Executive Officer,N,2,5,3495,0,10932,10932,1.0,0.31970362239297473,1,0,0,201700041,201700164,0,3495,3495,10932,0,10932,1.0,1
201700165,41,19,2,LOS ANGELES,2017,2017-03-07,Glendora,0,CITY COUNCIL,2,,Full,2,Davis,Karen K.,Pastor,N,2,5,2756,0,10932,10932,2.0,0.25210391511159896,1,0,0,201700041,201700165,0,2756,2756,10932,0,10932,2.0,1
201700166,41,19,2,LOS ANGELES,2017,2017-03-07,Glendora,0,CITY COUNCIL,2,,Full,2,Landmann,Erica,Educator,N,2,5,2398,0,10932,10932,3.0,0.21935601902671056,2,0,0,201700041,201700166,0,2398,2398,10932,0,10932,3.0,2
201700167,41,19,2,LOS ANGELES,2017,2017-03-07,Glendora,0,CITY COUNCIL,2,,Full,2,Murabito,Gene,Business Owner/Councilmember,Y,1,5,1780,0,10932,10932,4.0,0.1628247347237468,2,0,0,201700041,201700167,0,1780,1780,10932,0,10932,4.0,2
201700168,41,19,2,LOS ANGELES,2017,2017-03-07,Glendora,0,CITY COUNCIL,2,,Full,2,Stephan,Kamal,Community Volunteer,N,2,5,503,0,10932,10932,5.0,0.0460117087449689,2,0,0,201700041,201700168,0,503,503,10932,0,10932,5.0,2
201700169,42,19,2,LOS ANGELES,2017,2017-03-07,Huntington Park,0,CITY COUNCIL,2,,Full,2,Amezquita,Valentin Palos,Environmental Engineer,N,2,6,723,0,5579,5579,3.0,0.1295931170460656,2,0,0,201700042,201700169,0,723,723,5579,0,5579,3.0,2
201700170,42,19,2,LOS ANGELES,2017,2017-03-07,Huntington Park,0,CITY COUNCIL,2,,Full,2,Avila,"Manuel ""Manny""","Councilmember, City of Huntington Park/Businessonwer",Y,1,6,1408,0,5579,5579,2.0,0.252374977594551,1,0,0,201700042,201700170,0,1408,1408,5579,0,5579,2.0,1
201700171,42,19,2,LOS ANGELES,2017,2017-03-07,Huntington Park,0,CITY COUNCIL,2,,Full,2,Herrera,Laura M.,Social Justice Advocate,N,2,6,714,0,5579,5579,4.0,0.12797992471769135,2,0,0,201700042,201700171,0,714,714,5579,0,5579,4.0,2
201700172,42,19,2,LOS ANGELES,2017,2017-03-07,Huntington Park,0,CITY COUNCIL,2,,Full,2,Macias,Karina,"Councilmember, City of Huntington Park/Businessonwer",Y,1,6,1730,0,5579,5579,1.0,0.3100914142319412,1,0,0,201700042,201700172,0,1730,1730,5579,0,5579,1.0,1
201700173,42,19,2,LOS ANGELES,2017,2017-03-07,Huntington Park,0,CITY COUNCIL,2,,Full,2,Porter,Kerry,Plumbing Consultant/Caregiver,N,2,6,436,0,5579,5579,6.0,0.07815020613013085,2,0,0,201700042,201700173,0,436,436,5579,0,5579,6.0,2
201700174,42,19,2,LOS ANGELES,2017,2017-03-07,Huntington Park,0,CITY COUNCIL,2,,Full,2,Reynoso,Alex,Law Enforcement,N,2,6,568,0,5579,5579,5.0,0.10181036027962001,2,0,0,201700042,201700174,0,568,568,5579,0,5579,5.0,2
201700175,43,19,2,LOS ANGELES,2017,2017-03-07,La Canada Flintridge,0,CITY COUNCIL,2,,Full,2,Curtis,Jonathan C.,Councilmember/Attorney-At-Law,Y,1,3,2665,0,7005,7005,1.0,0.3804425410421128,1,0,0,201700043,201700175,0,2665,2665,7005,0,7005,1.0,1
201700176,43,19,2,LOS ANGELES,2017,2017-03-07,La Canada Flintridge,0,CITY COUNCIL,2,,Full,2,Eich,Keith,Engineer/Businessman/Educator,N,2,3,1775,0,7005,7005,3.0,0.2533904354032834,2,0,0,201700043,201700176,0,1775,1775,7005,0,7005,3.0,2
201700177,43,19,2,LOS ANGELES,2017,2017-03-07,La Canada Flintridge,0,CITY COUNCIL,2,,Full,2,Spence,David A.,Councilmember/Businessman,Y,1,3,2565,0,7005,7005,2.0,0.36616702355460384,1,0,0,201700043,201700177,0,2565,2565,7005,0,7005,2.0,1
201700178,44,19,2,LOS ANGELES,2017,2017-03-07,La Mirada,0,CITY COUNCIL,2,1,Full,1,Aiello,Tony,Business Owner/Journalist,N,2,4,245,0,1305,1305,4.0,0.18773946360153257,2,0,0,201700044,201700178,0,245,245,1305,0,1305,4.0,2
201700179,44,19,2,LOS ANGELES,2017,2017-03-07,La Mirada,0,CITY COUNCIL,2,1,Full,1,Emmerling,Jim,Business Executive,N,2,4,259,0,1305,1305,3.0,0.19846743295019156,2,0,0,201700044,201700179,0,259,259,1305,0,1305,3.0,2
201700180,44,19,2,LOS ANGELES,2017,2017-03-07,La Mirada,0,CITY COUNCIL,2,1,Full,1,Gramajo,Diane,Businesswoman,N,2,4,359,0,1305,1305,2.0,0.275095785440613,2,1,0,201700044,201700180,0,359,359,1305,0,1305,2.0,2
201700181,44,19,2,LOS ANGELES,2017,2017-03-07,La Mirada,0,CITY COUNCIL,2,1,Full,1,Lewis,John,Planning Commissioner/Businessowner,N,2,4,442,0,1305,1305,1.0,0.33869731800766284,1,1,0,201700044,201700181,0,442,442,1305,0,1305,1.0,1
201700182,45,19,2,LOS ANGELES,2017,2017-03-07,La Mirada,0,CITY COUNCIL,2,2,Full,1,Deal,Pauline L.,Incumbent,N,2,2,388,0,865,865,2.0,0.4485549132947977,2,0,0,201700045,201700182,0,388,388,865,0,865,2.0,2
201700183,45,19,2,LOS ANGELES,2017,2017-03-07,La Mirada,0,CITY COUNCIL,2,2,Full,1,Sarega,Andrew,Incumbent,Y,1,2,477,0,865,865,1.0,0.5514450867052023,1,0,0,201700045,201700183,0,477,477,865,0,865,1.0,1
201700184,46,19,2,LOS ANGELES,2017,2017-03-07,La Verne,0,CITY COUNCIL,2,,Full,2,Carder,Robin M.,City Council Member,Y,1,5,3369,0,10856,10856,1.0,0.31033529845246866,1,0,0,201700046,201700184,0,3369,3369,10856,0,10856,1.0,1
201700185,46,19,2,LOS ANGELES,2017,2017-03-07,La Verne,0,CITY COUNCIL,2,,Full,2,Davis,Muir,Senior Project Manager,Y,1,5,2688,0,10856,10856,2.0,0.24760501105379515,1,0,0,201700046,201700185,0,2688,2688,10856,0,10856,2.0,1
201700186,46,19,2,LOS ANGELES,2017,2017-03-07,La Verne,0,CITY COUNCIL,2,,Full,2,Garwick,Keith,Forensic Science Instructor,N,2,5,1708,0,10856,10856,4.0,0.15733235077376567,2,0,0,201700046,201700186,0,1708,1708,10856,0,10856,4.0,2
201700187,46,19,2,LOS ANGELES,2017,2017-03-07,La Verne,0,CITY COUNCIL,2,,Full,2,Karr,George,MBA/JD Candidate,N,2,5,763,0,10856,10856,5.0,0.0702837140751658,2,0,0,201700046,201700187,0,763,763,10856,0,10856,5.0,2
201700188,46,19,2,LOS ANGELES,2017,2017-03-07,La Verne,0,CITY COUNCIL,2,,Full,2,Lyons,Matthew,Deputy District Director,N,2,5,2328,0,10856,10856,3.0,0.2144436256448047,2,0,0,201700046,201700188,0,2328,2328,10856,0,10856,3.0,2
201700189,48,19,2,LOS ANGELES,2017,2017-03-07,Lakewood,0,CITY COUNCIL,2,,Full,3,Croft,Steve,Incumbent,Y,1,6,4596,0,19178,19178,2.5,0.23964959849827927,1,0,0,201700048,201700189,0,4596,4596,19178,0,19178,2.5,1
201700190,48,19,2,LOS ANGELES,2017,2017-03-07,Lakewood,0,CITY COUNCIL,2,,Full,3,Dubois,Diane,Incumbent,Y,1,6,4596,0,19178,19178,2.5,0.23964959849827927,1,0,0,201700048,201700190,0,4596,4596,19178,0,19178,2.5,1
201700191,48,19,2,LOS ANGELES,2017,2017-03-07,Lakewood,0,CITY COUNCIL,2,,Full,3,Gafford,Connor Russell,Business Owner/Student,N,2,6,796,0,19178,19178,6.0,0.04150589216810929,2,0,0,201700048,201700191,0,796,796,19178,0,19178,6.0,2
201700192,48,19,2,LOS ANGELES,2017,2017-03-07,Lakewood,0,CITY COUNCIL,2,,Full,3,Rodriguez,Justin,Government/Economics Teacher,N,2,6,1938,0,19178,19178,5.0,0.10105329022838669,2,0,0,201700048,201700192,0,1938,1938,19178,0,19178,5.0,2
201700193,48,19,2,LOS ANGELES,2017,2017-03-07,Lakewood,0,CITY COUNCIL,2,,Full,3,Rogers,Todd,Lakewood Council Member,Y,1,6,4854,0,19178,19178,1.0,0.25310251329648553,1,0,0,201700048,201700193,0,4854,4854,19178,0,19178,1.0,1
201700194,48,19,2,LOS ANGELES,2017,2017-03-07,Lakewood,0,CITY COUNCIL,2,,Full,3,Slaughter,"Gregory ""Greg""",Retired Police/Professor,N,2,6,2398,0,19178,19178,4.0,0.1250391073104599,2,0,0,201700048,201700194,0,2398,2398,19178,0,19178,4.0,2
201700195,51,19,2,LOS ANGELES,2017,2017-03-07,Los Angeles,0,CITY COUNCIL,2,1,Full,1,Bray-Ali,Joe,Community Advocate,N,2,4,8000,0,21069,21069,2.0,0.3797047795339124,3,1,1,201700051,201700195,0,8000,8000,21069,0,21069,2.0,3
201700196,51,19,2,LOS ANGELES,2017,2017-03-07,Los Angeles,0,CITY COUNCIL,2,1,Full,1,Cedillo,"Gilbert ""Gil""",Los Angeles City Councilmember,Y,1,4,10396,0,21069,21069,1.0,0.49342636100431914,3,1,1,201700051,201700196,0,10396,10396,21069,0,21069,1.0,3
201700197,51,19,2,LOS ANGELES,2017,2017-03-07,Los Angeles,0,CITY COUNCIL,2,1,Full,1,Hernandez,Giovany,Education Advocate,N,2,4,1798,0,21069,21069,3.0,0.08533864920024681,2,0,0,201700051,201700197,0,1798,1798,21069,0,21069,3.0,2
201700198,51,19,2,LOS ANGELES,2017,2017-03-07,Los Angeles,0,CITY COUNCIL,2,1,Full,1,Rosas,Jesse,Businessman,N,2,4,875,0,21069,21069,4.0,0.04153021026152167,2,0,0,201700051,201700198,0,875,875,21069,0,21069,4.0,2
201700199,52,19,2,LOS ANGELES,2017,2017-03-07,Los Angeles,0,CITY COUNCIL,2,11,Full,1,Bonin,Mike,"Los Angeles City Councilmember, District 11",Y,1,3,31865,0,44879,44879,1.0,0.7100202767441343,1,0,0,201700052,201700199,0,31865,31865,44879,0,44879,1.0,1
201700200,52,19,2,LOS ANGELES,2017,2017-03-07,Los Angeles,0,CITY COUNCIL,2,11,Full,1,Rudisill,Robin,Businesswoman/Coastal Activist,N,2,3,7047,0,44879,44879,2.0,0.15702221529000202,2,0,0,201700052,201700200,0,7047,7047,44879,0,44879,2.0,2
201700201,52,19,2,LOS ANGELES,2017,2017-03-07,Los Angeles,0,CITY COUNCIL,2,11,Full,1,Ryavec,Mark,"President, Residents Association",N,2,3,5967,0,44879,44879,3.0,0.13295750796586378,2,0,0,201700052,201700201,0,5967,5967,44879,0,44879,3.0,2
201700202,53,19,2,LOS ANGELES,2017,2017-03-07,Los Angeles,0,CITY COUNCIL,2,13,Full,1,De La Torre,David,International Business Manager,N,2,6,1534,0,28779,28779,4.0,0.05330275548142743,2,0,0,201700053,201700202,0,1534,1534,28779,0,28779,4.0,2
201700203,53,19,2,LOS ANGELES,2017,2017-03-07,Los Angeles,0,CITY COUNCIL,2,13,Full,1,Haines,Doug,Neighborhood Council Boardmember,N,2,6,1123,0,28779,28779,5.0,0.03902150873901109,2,0,0,201700053,201700203,0,1123,1123,28779,0,28779,5.0,2
201700204,53,19,2,LOS ANGELES,2017,2017-03-07,Los Angeles,0,CITY COUNCIL,2,13,Full,1,O'Farrell,Mitch,Los Angeles City Councilmember,Y,1,6,17053,0,28779,28779,1.0,0.5925501233538344,1,0,0,201700053,201700204,0,17053,17053,28779,0,28779,1.0,1
201700205,53,19,2,LOS ANGELES,2017,2017-03-07,Los Angeles,0,CITY COUNCIL,2,13,Full,1,Salans,Jessica,Activist/Advocate/Organizer,N,2,6,3902,0,28779,28779,3.0,0.13558497515549534,2,0,0,201700053,201700205,0,3902,3902,28779,0,28779,3.0,2
201700206,53,19,2,LOS ANGELES,2017,2017-03-07,Los Angeles,0,CITY COUNCIL,2,13,Full,1,Shain,Sylvie,Housing Rights Advocate,N,2,6,4338,0,28779,28779,2.0,0.1507349108725112,2,0,0,201700053,201700206,0,4338,4338,28779,0,28779,2.0,2
201700207,53,19,2,LOS ANGELES,2017,2017-03-07,Los Angeles,0,CITY COUNCIL,2,13,Full,1,Zide,Bill,Neighborhood Council Chair,N,2,6,829,0,28779,28779,6.0,0.02880572639772056,2,0,0,201700053,201700207,0,829,829,28779,0,28779,6.0,2
201700208,54,19,2,LOS ANGELES,2017,2017-03-07,Los Angeles,0,CITY COUNCIL,2,15,Full,1,Arnold,Caney,Neighborhood Council Boardmember,N,2,3,2750,0,16696,16696,2.0,0.16471011020603737,2,0,0,201700054,201700208,0,2750,2750,16696,0,16696,2.0,2
201700209,54,19,2,LOS ANGELES,2017,2017-03-07,Los Angeles,0,CITY COUNCIL,2,15,Full,1,Buscaino,Joe,Los Angeles City Councilmember,Y,1,3,12497,0,16696,16696,1.0,0.7485026353617633,1,0,0,201700054,201700209,0,12497,12497,16696,0,16696,1.0,1
201700210,54,19,2,LOS ANGELES,2017,2017-03-07,Los Angeles,0,CITY COUNCIL,2,15,Full,1,Gould,Noel,Audio Consultant/Activist,N,2,3,1449,0,16696,16696,3.0,0.08678725443219933,2,0,0,201700054,201700210,0,1449,1449,16696,0,16696,3.0,2
201700211,56,19,2,LOS ANGELES,2017,2017-03-07,Los Angeles,0,CITY COUNCIL,2,5,Full,1,Herd,Mark Matthew,Political Consultant,N,2,3,1435,0,39335,39335,3.0,0.03648150502097369,2,0,0,201700056,201700211,0,1435,1435,39335,0,39335,3.0,2
201700212,56,19,2,LOS ANGELES,2017,2017-03-07,Los Angeles,0,CITY COUNCIL,2,5,Full,1,Koretz,Paul,Los Angeles City Councilmember,Y,1,3,25914,0,39335,39335,1.0,0.6588025931104614,1,0,0,201700056,201700212,0,25914,25914,39335,0,39335,1.0,1
201700213,56,19,2,LOS ANGELES,2017,2017-03-07,Los Angeles,0,CITY COUNCIL,2,5,Full,1,Max Creed,Jesse,Veterans' Advocate/Attorney,N,2,3,11986,0,39335,39335,2.0,0.3047159018685649,2,0,0,201700056,201700213,0,11986,11986,39335,0,39335,2.0,2
201700214,57,19,2,LOS ANGELES,2017,2017-03-07,Los Angeles,0,CITY COUNCIL,2,7,Full,1,Ayala,Olga,Community Organizer,N,2,20,931,0,21896,21896,7.0,0.04251918158567775,2,0,0,201700057,201700214,0,931,931,21896,0,21896,7.0,2
201700215,57,19,2,LOS ANGELES,2017,2017-03-07,Los Angeles,0,CITY COUNCIL,2,7,Full,1,Barron,David Jesse,Neighborhood Council Boardmember,N,2,20,218,0,21896,21896,16.0,0.00995615637559372,2,0,0,201700057,201700215,0,218,218,21896,0,21896,16.0,2
201700216,57,19,2,LOS ANGELES,2017,2017-03-07,Los Angeles,0,CITY COUNCIL,2,7,Full,1,Becerra,Franki Marie,"Manager, State Government",N,2,20,226,0,21896,21896,15.0,0.01032151991231275,2,0,0,201700057,201700216,0,226,226,21896,0,21896,15.0,2
201700217,57,19,2,LOS ANGELES,2017,2017-03-07,Los Angeles,0,CITY COUNCIL,2,7,Full,1,Castillo,José G.,Real Estate Broker,N,2,20,139,0,21896,21896,19.0,0.00634819145049324,2,0,0,201700057,201700217,0,139,139,21896,0,21896,19.0,2
201700218,57,19,2,LOS ANGELES,2017,2017-03-07,Los Angeles,0,CITY COUNCIL,2,7,Full,1,Chase,Nicole,Education Advocate/Rancher,N,2,20,596,0,21896,21896,9.0,0.02721958348556814,2,0,0,201700057,201700218,0,596,596,21896,0,21896,9.0,2
201700219,57,19,2,LOS ANGELES,2017,2017-03-07,Los Angeles,0,CITY COUNCIL,2,7,Full,1,Clark,Krystee,Neighborhood Council President,N,2,20,290,0,21896,21896,11.0,0.01324442820606503,2,0,0,201700057,201700219,0,290,290,21896,0,21896,11.0,2
201700220,57,19,2,LOS ANGELES,2017,2017-03-07,Los Angeles,0,CITY COUNCIL,2,7,Full,1,Corwin,Bonnie D.,Businessman/Bookkeeper,N,2,20,127,0,21896,21896,20.0,0.00580014614541469,2,0,0,201700057,201700220,0,127,127,21896,0,21896,20.0,2
201700221,57,19,2,LOS ANGELES,2017,2017-03-07,Los Angeles,0,CITY COUNCIL,2,7,Full,1,Flores,Fred A.,Commissioner/Veterans' Advocate,N,2,20,854,0,21896,21896,8.0,0.03900255754475703,2,0,0,201700057,201700221,0,854,854,21896,0,21896,8.0,2
201700222,57,19,2,LOS ANGELES,2017,2017-03-07,Los Angeles,0,CITY COUNCIL,2,7,Full,1,Gibson,Dale,Rancher/Stuntman,N,2,20,1351,0,21896,21896,5.0,0.06170076726342711,2,0,0,201700057,201700222,0,1351,1351,21896,0,21896,5.0,2
201700223,57,19,2,LOS ANGELES,2017,2017-03-07,Los Angeles,0,CITY COUNCIL,2,7,Full,1,Gomes,"Terrence ""Terry""",Financial Advisor,N,2,20,149,0,21896,21896,18.0,0.00680489587139204,2,0,0,201700057,201700223,0,149,149,21896,0,21896,18.0,2
201700224,57,19,2,LOS ANGELES,2017,2017-03-07,Los Angeles,0,CITY COUNCIL,2,7,Full,1,Higginson,John T.,Business Owner/Counselor,N,2,20,169,0,21896,21896,17.0,0.00771830471318962,2,0,0,201700057,201700224,0,169,169,21896,0,21896,17.0,2
201700225,57,19,2,LOS ANGELES,2017,2017-03-07,Los Angeles,0,CITY COUNCIL,2,7,Full,1,Lara,Carlos,Community Leader,N,2,20,314,0,21896,21896,10.0,0.01434051881622214,2,0,0,201700057,201700225,0,314,314,21896,0,21896,10.0,2
201700226,57,19,2,LOS ANGELES,2017,2017-03-07,Los Angeles,0,CITY COUNCIL,2,7,Full,1,Martinez,Venessa,Deputy Attorney General,N,2,20,1160,0,21896,21896,6.0,0.05297771282426014,2,0,0,201700057,201700226,0,1160,1160,21896,0,21896,6.0,2
201700227,57,19,2,LOS ANGELES,2017,2017-03-07,Los Angeles,0,CITY COUNCIL,2,7,Full,1,Miner,Art,Aerospace Engineer/Businessman,N,2,20,1775,0,21896,21896,4.0,0.081065034709536,2,0,0,201700057,201700227,0,1775,1775,21896,0,21896,4.0,2
201700228,57,19,2,LOS ANGELES,2017,2017-03-07,Los Angeles,0,CITY COUNCIL,2,7,Full,1,Ratliff,Mónica,Teacher/School Boardmember,N,2,20,3104,0,21896,21896,3.0,0.14176105224698576,2,0,0,201700057,201700228,0,3104,3104,21896,0,21896,3.0,2
201700229,57,19,2,LOS ANGELES,2017,2017-03-07,Los Angeles,0,CITY COUNCIL,2,7,Full,1,Reed,Mark,Businessman/Realtor/Rancher,N,2,20,275,0,21896,21896,12.0,0.01255937157471684,2,0,0,201700057,201700229,0,275,275,21896,0,21896,12.0,2
201700230,57,19,2,LOS ANGELES,2017,2017-03-07,Los Angeles,0,CITY COUNCIL,2,7,Full,1,Rodriguez,Monica,Los Angeles Commissioner/Businesswoman,N,2,20,6091,0,21896,21896,1.0,0.27817866276945563,3,1,1,201700057,201700230,0,6091,6091,21896,0,21896,1.0,3
201700231,57,19,2,LOS ANGELES,2017,2017-03-07,Los Angeles,0,CITY COUNCIL,2,7,Full,1,Saunders,Connie,Lender Mortgage Subservicer,N,2,20,258,0,21896,21896,14.0,0.01178297405918889,2,0,0,201700057,201700231,0,258,258,21896,0,21896,14.0,2
201700232,57,19,2,LOS ANGELES,2017,2017-03-07,Los Angeles,0,CITY COUNCIL,2,7,Full,1,Schaefer,Mike,Public Interest Advocate,N,2,20,266,0,21896,21896,13.0,0.01214833759590793,2,0,0,201700057,201700232,0,266,266,21896,0,21896,13.0,2
201700233,57,19,2,LOS ANGELES,2017,2017-03-07,Los Angeles,0,CITY COUNCIL,2,7,Full,1,Torossian,Karo,Chief Environmental Planner,N,2,20,3603,0,21896,21896,2.0,0.16455060284983558,3,1,1,201700057,201700233,0,3603,3603,21896,0,21896,2.0,3
201700234,58,19,2,LOS ANGELES,2017,2017-03-07,Los Angeles,0,CITY COUNCIL,2,9,Full,1,Cabrera,Adriana,Neighborhood Council Boardmember,N,2,3,1462,0,10427,10427,3.0,0.14021290879447587,2,0,0,201700058,201700234,0,1462,1462,10427,0,10427,3.0,2
201700235,58,19,2,LOS ANGELES,2017,2017-03-07,Los Angeles,0,CITY COUNCIL,2,9,Full,1,Nuño,Jorge,Social Entrepreneur,N,2,3,2400,0,10427,10427,2.0,0.23017166970365396,2,0,0,201700058,201700235,0,2400,2400,10427,0,10427,2.0,2
201700236,58,19,2,LOS ANGELES,2017,2017-03-07,Los Angeles,0,CITY COUNCIL,2,9,Full,1,"Price, Jr.",Curren D.,Los Angeles City Councilmember,Y,1,3,6565,0,10427,10427,1.0,0.6296154215018701,1,0,0,201700058,201700236,0,6565,6565,10427,0,10427,1.0,1
201700237,60,19,2,LOS ANGELES,2017,2017-03-07,Manhattan Beach,0,CITY COUNCIL,2,,Full,3,Burton,Mark,Councilmember/Municipal Attorney,Y,1,8,2521,0,18631,18631,4.0,0.1353121142182384,2,0,0,201700060,201700237,0,2521,2521,18631,0,18631,4.0,2
201700238,60,19,2,LOS ANGELES,2017,2017-03-07,Manhattan Beach,0,CITY COUNCIL,2,,Full,3,Conway,Chris,Planning Commissioner/Architect,N,2,8,1285,0,18631,18631,7.0,0.0689710697225055,2,0,0,201700060,201700238,0,1285,1285,18631,0,18631,7.0,2
201700239,60,19,2,LOS ANGELES,2017,2017-03-07,Manhattan Beach,0,CITY COUNCIL,2,,Full,3,D'Errico,Tony,Councilmember/Municipal Attorney,Y,1,8,1923,0,18631,18631,5.0,0.10321507165476894,2,0,0,201700060,201700239,0,1923,1923,18631,0,18631,5.0,2
201700240,60,19,2,LOS ANGELES,2017,2017-03-07,Manhattan Beach,0,CITY COUNCIL,2,,Full,3,Hersman,Nancy,Attorney/Planning Commissioner,N,2,8,3472,0,18631,18631,2.0,0.18635607321131448,1,0,0,201700060,201700240,0,3472,3472,18631,0,18631,2.0,1
201700241,60,19,2,LOS ANGELES,2017,2017-03-07,Manhattan Beach,0,CITY COUNCIL,2,,Full,3,Montgomery,Richard P.,Small Business Owner,N,2,8,2753,0,18631,18631,3.0,0.1477644785572433,1,0,0,201700060,201700241,0,2753,2753,18631,0,18631,3.0,1
201700242,60,19,2,LOS ANGELES,2017,2017-03-07,Manhattan Beach,0,CITY COUNCIL,2,,Full,3,Napolitano,Steve,Los Angeles County Projects Coordinator,N,2,8,4450,0,18631,18631,1.0,0.23884922977832646,1,0,0,201700060,201700242,0,4450,4450,18631,0,18631,1.0,1
201700243,60,19,2,LOS ANGELES,2017,2017-03-07,Manhattan Beach,0,CITY COUNCIL,2,,Full,3,Ungoco,Joseph,Strategic Communications Consultant,N,2,8,863,0,18631,18631,8.0,0.04632064838172938,2,0,0,201700060,201700243,0,863,863,18631,0,18631,8.0,2
201700244,60,19,2,LOS ANGELES,2017,2017-03-07,Manhattan Beach,0,CITY COUNCIL,2,,Full,3,Wallace,Diane Barkelew,Educator,N,2,8,1364,0,18631,18631,6.0,0.07321131447587355,2,0,0,201700060,201700244,0,1364,1364,18631,0,18631,6.0,2
201700245,63,19,2,LOS ANGELES,2017,2017-03-07,Monterey Park,0,CITY COUNCIL,2,,Full,2,Avila,Randall,Government Affairs Coordinator,N,2,6,1401,0,9048,9048,4.0,0.15484084880636606,2,0,0,201700063,201700245,0,1401,1401,9048,0,9048,4.0,2
201700246,63,19,2,LOS ANGELES,2017,2017-03-07,Monterey Park,0,CITY COUNCIL,2,,Full,2,Avilia,Joe Ray,Handyman,N,2,6,374,0,9048,9048,6.0,0.04133510167992927,2,0,0,201700063,201700246,0,374,374,9048,0,9048,6.0,2
201700247,63,19,2,LOS ANGELES,2017,2017-03-07,Monterey Park,0,CITY COUNCIL,2,,Full,2,Chan,Peter,Council Member,Y,1,6,2546,0,9048,9048,1.0,0.28138815207780726,1,0,0,201700063,201700247,0,2546,2546,9048,0,9048,1.0,1
201700248,63,19,2,LOS ANGELES,2017,2017-03-07,Monterey Park,0,CITY COUNCIL,2,,Full,2,"Felix, Jr.",Anthony,Administrative Assistant,N,2,6,737,0,9048,9048,5.0,0.08145446507515473,2,0,0,201700063,201700248,0,737,737,9048,0,9048,5.0,2
201700249,63,19,2,LOS ANGELES,2017,2017-03-07,Monterey Park,0,CITY COUNCIL,2,,Full,2,Leung,Margaret,Engineering Project Manager,N,2,6,1767,0,9048,9048,3.0,0.1952917771883289,2,0,0,201700063,201700249,0,1767,1767,9048,0,9048,3.0,2
201700250,63,19,2,LOS ANGELES,2017,2017-03-07,Monterey Park,0,CITY COUNCIL,2,,Full,2,Liang,Hans,Councilman/Probation Officer,Y,1,6,2223,0,9048,9048,2.0,0.24568965517241378,1,0,0,201700063,201700250,0,2223,2223,9048,0,9048,2.0,1
201700251,65,19,2,LOS ANGELES,2017,2017-03-07,Norwalk,0,CITY COUNCIL,2,,Full,2,Aranda,Enrique,Business Owner/Educator,N,2,9,1315,0,9425,9425,4.0,0.13952254641909814,2,0,0,201700065,201700251,0,1315,1315,9425,0,9425,4.0,2
201700252,65,19,2,LOS ANGELES,2017,2017-03-07,Norwalk,0,CITY COUNCIL,2,,Full,2,Armenta,Jamie E.,Certified Mediator/Merchandiser,N,2,9,261,0,9425,9425,9.0,0.02769230769230769,2,0,0,201700065,201700252,0,261,261,9425,0,9425,9.0,2
201700253,65,19,2,LOS ANGELES,2017,2017-03-07,Norwalk,0,CITY COUNCIL,2,,Full,2,Ayala,Tony,Commisioner/Retired Administrator,N,2,9,2298,0,9425,9425,2.0,0.24381962864721485,1,0,0,201700065,201700253,0,2298,2298,9425,0,9425,2.0,1
201700254,65,19,2,LOS ANGELES,2017,2017-03-07,Norwalk,0,CITY COUNCIL,2,,Full,2,Cardenas,Harvey,Retired,N,2,9,399,0,9425,9425,6.0,0.0423342175066313,2,0,0,201700065,201700254,0,399,399,9425,0,9425,6.0,2
201700255,65,19,2,LOS ANGELES,2017,2017-03-07,Norwalk,0,CITY COUNCIL,2,,Full,2,Free,"Esperanza ""Espie""",Public Relations Manager,N,2,9,1499,0,9425,9425,3.0,0.1590450928381963,2,0,0,201700065,201700255,0,1499,1499,9425,0,9425,3.0,2
201700256,65,19,2,LOS ANGELES,2017,2017-03-07,Norwalk,0,CITY COUNCIL,2,,Full,2,Martinez,Candy,Cerritos College Volunteer,N,2,9,653,0,9425,9425,5.0,0.06928381962864721,2,0,0,201700065,201700256,0,653,653,9425,0,9425,5.0,2
201700257,65,19,2,LOS ANGELES,2017,2017-03-07,Norwalk,0,CITY COUNCIL,2,,Full,2,Martinez,Debbie,Color Guard Advisor,N,2,9,279,0,9425,9425,8.0,0.02960212201591512,2,0,0,201700065,201700257,0,279,279,9425,0,9425,8.0,2
201700258,65,19,2,LOS ANGELES,2017,2017-03-07,Norwalk,0,CITY COUNCIL,2,,Full,2,Mercado,Marcel A.,State Farm  representative,N,2,9,348,0,9425,9425,7.0,0.03692307692307693,2,0,0,201700065,201700258,0,348,348,9425,0,9425,7.0,2
201700259,65,19,2,LOS ANGELES,2017,2017-03-07,Norwalk,0,CITY COUNCIL,2,,Full,2,Perez,Jennifer,Businesswoman/Planning Commissioner,N,2,9,2373,0,9425,9425,1.0,0.2517771883289125,1,0,0,201700065,201700259,0,2373,2373,9425,0,9425,1.0,1
201700260,66,19,2,LOS ANGELES,2017,2017-03-07,Norwalk,0,CITY COUNCIL,2,,Short,1,Menchacha,Ken,Norwalk Intervention Worker,N,2,3,1466,0,5376,5376,2.0,0.2726934523809524,2,0,0,201700066,201700260,0,1466,1466,5376,0,5376,2.0,2
201700261,66,19,2,LOS ANGELES,2017,2017-03-07,Norwalk,0,CITY COUNCIL,2,,Short,1,Rios,Margarita,Police Sergeant/Board Member,Y,1,3,3433,0,5376,5376,1.0,0.6385788690476191,1,0,0,201700066,201700261,0,3433,3433,5376,0,5376,1.0,1
201700262,66,19,2,LOS ANGELES,2017,2017-03-07,Norwalk,0,CITY COUNCIL,2,,Short,1,Uribe,"Alberto ""Xzevious""",Human Resources Coordinator,N,2,3,477,0,5376,5376,3.0,0.08872767857142858,2,0,0,201700066,201700262,0,477,477,5376,0,5376,3.0,2
201700263,67,19,2,LOS ANGELES,2017,2017-03-07,Palos Verdes,0,CITY COUNCIL,2,,Short,2,Davidson,Sanford S.,Physician,N,2,3,2001,0,5673,5673,2.0,0.3527234267583289,1,0,0,201700067,201700263,0,2001,2001,5673,0,5673,2.0,1
201700264,67,19,2,LOS ANGELES,2017,2017-03-07,Palos Verdes,0,CITY COUNCIL,2,,Short,2,Goodhart,Jim,Incumbent,Y,1,3,1430,0,5673,5673,3.0,0.2520712145249427,2,0,0,201700067,201700264,0,1430,1430,5673,0,5673,3.0,2
201700265,67,19,2,LOS ANGELES,2017,2017-03-07,Palos Verdes,0,CITY COUNCIL,2,,Short,2,Kao,Kenneth J.,Attorney/Planning Commissioner,N,2,3,2242,0,5673,5673,1.0,0.39520535871672835,1,0,0,201700067,201700265,0,2242,2242,5673,0,5673,1.0,1
201700266,69,19,2,LOS ANGELES,2017,2017-03-07,Paramount,0,CITY COUNCIL,2,,Full,2,Daniels,Gene,Incumbent,Y,1,4,857,0,3593,3593,3.0,0.2385193431672697,2,0,0,201700069,201700266,0,857,857,3593,0,3593,3.0,2
201700267,69,19,2,LOS ANGELES,2017,2017-03-07,Paramount,0,CITY COUNCIL,2,,Full,2,De Leon,Jose,Automotive Technician,N,2,4,587,0,3593,3593,4.0,0.16337322571667132,2,0,0,201700069,201700267,0,587,587,3593,0,3593,4.0,2
201700268,69,19,2,LOS ANGELES,2017,2017-03-07,Paramount,0,CITY COUNCIL,2,,Full,2,Guillen,Laurie,Police Officer,N,2,4,1141,0,3593,3593,1.0,0.3175619259671584,1,0,0,201700069,201700268,0,1141,1141,3593,0,3593,1.0,1
201700269,69,19,2,LOS ANGELES,2017,2017-03-07,Paramount,0,CITY COUNCIL,2,,Full,2,Lemons,Peggy,Incumbent,Y,1,4,1008,0,3593,3593,2.0,0.28054550514890064,1,0,0,201700069,201700269,0,1008,1008,3593,0,3593,2.0,1
201700270,71,19,2,LOS ANGELES,2017,2017-03-07,Pasadena,0,CITY COUNCIL,2,5,Full,1,Gordo,Victor M.,Councilmember/Attorney,Y,1,3,1260,0,1984,1984,1.0,0.6350806451612904,1,0,0,201700071,201700270,0,1260,1260,1984,0,1984,1.0,1
201700271,71,19,2,LOS ANGELES,2017,2017-03-07,Pasadena,0,CITY COUNCIL,2,5,Full,1,Morales,Aida,No Ballot Designation,N,2,3,69,0,1984,1984,3.0,0.03477822580645161,2,0,0,201700071,201700271,0,69,69,1984,0,1984,3.0,2
201700272,71,19,2,LOS ANGELES,2017,2017-03-07,Pasadena,0,CITY COUNCIL,2,5,Full,1,Padley,Krystal Lopez,Translator/Editor/Parent,N,2,3,655,0,1984,1984,2.0,0.33014112903225806,2,0,0,201700071,201700272,0,655,655,1984,0,1984,2.0,2
201700273,72,19,2,LOS ANGELES,2017,2017-03-07,Pasadena,0,CITY COUNCIL,2,7,Full,1,Hosp,Phil,Securities Fraud Attorney,N,2,5,1459,0,3528,3528,2.0,0.4135487528344671,3,1,1,201700072,201700273,0,1459,1459,3528,0,3528,2.0,3
201700274,72,19,2,LOS ANGELES,2017,2017-03-07,Pasadena,0,CITY COUNCIL,2,7,Full,1,Menchaca,"Alejandro ""Alex""",Attorney at Law,N,2,5,309,0,3528,3528,3.0,0.08758503401360544,2,0,0,201700072,201700274,0,309,309,3528,0,3528,3.0,2
201700275,72,19,2,LOS ANGELES,2017,2017-03-07,Pasadena,0,CITY COUNCIL,2,7,Full,1,Tahilramani,Sheena,Small Business Owner,N,2,5,100,0,3528,3528,5.0,0.02834467120181406,2,0,0,201700072,201700275,0,100,100,3528,0,3528,5.0,2
201700276,72,19,2,LOS ANGELES,2017,2017-03-07,Pasadena,0,CITY COUNCIL,2,7,Full,1,Wilson,Andy,Businessman/Appointed Councilmember,Y,1,5,1501,0,3528,3528,1.0,0.42545351473922904,3,1,1,201700072,201700276,0,1501,1501,3528,0,3528,1.0,3
201700277,72,19,2,LOS ANGELES,2017,2017-03-07,Pasadena,0,CITY COUNCIL,2,7,Full,1,Witt,Bryan,Railroad Operations Supervisor,N,2,5,159,0,3528,3528,4.0,0.04506802721088436,2,0,0,201700072,201700277,0,159,159,3528,0,3528,4.0,2
201700278,74,19,2,LOS ANGELES,2017,2017-03-07,Redondo Beach,0,CITY COUNCIL,2,1,Full,1,Barbee,Martha,Redondo Beach Councilwoman,Y,1,3,1536,0,3613,3613,2.0,0.4251314696927761,3,1,1,201700074,201700278,0,1536,1536,3613,0,3613,2.0,3
201700279,74,19,2,LOS ANGELES,2017,2017-03-07,Redondo Beach,0,CITY COUNCIL,2,1,Full,1,Nehrenheim,Nils,Businessman and Lifeguard,N,2,3,1734,0,3613,3613,1.0,0.4799335732078605,3,1,1,201700074,201700279,0,1734,1734,3613,0,3613,1.0,3
201700280,74,19,2,LOS ANGELES,2017,2017-03-07,Redondo Beach,0,CITY COUNCIL,2,1,Full,1,Strutzenberg,Rolf,Retired,N,2,3,343,0,3613,3613,3.0,0.0949349570993634,2,0,0,201700074,201700280,0,343,343,3613,0,3613,3.0,2
201700281,75,19,2,LOS ANGELES,2017,2017-03-07,Redondo Beach,0,CITY COUNCIL,2,2,Full,1,Loewenstein,Todd,Small Business Owner,N,2,2,2180,0,3570,3570,1.0,0.6106442577030813,1,0,0,201700075,201700281,0,2180,2180,3570,0,3570,1.0,1
201700282,75,19,2,LOS ANGELES,2017,2017-03-07,Redondo Beach,0,CITY COUNCIL,2,2,Full,1,Rodriguez,Doug,Redondo Beach Planning Commission,N,2,2,1390,0,3570,3570,2.0,0.38935574229691877,2,0,0,201700075,201700282,0,1390,1390,3570,0,3570,2.0,2
201700283,76,19,2,LOS ANGELES,2017,2017-03-07,Redondo Beach,0,CITY COUNCIL,2,4,Full,1,Gran,John F.,Businessman/Budget Commissioner,N,2,3,1358,0,2490,2490,1.0,0.5453815261044177,1,0,0,201700076,201700283,0,1358,1358,2490,0,2490,1.0,1
201700284,76,19,2,LOS ANGELES,2017,2017-03-07,Redondo Beach,0,CITY COUNCIL,2,4,Full,1,Royds,Suzy,Small Business Owner,N,2,3,883,0,2490,2490,2.0,0.3546184738955823,2,0,0,201700076,201700284,0,883,883,2490,0,2490,2.0,2
201700285,76,19,2,LOS ANGELES,2017,2017-03-07,Redondo Beach,0,CITY COUNCIL,2,4,Full,1,Wachter,Adam,IT Sales Executive,N,2,3,249,0,2490,2490,3.0,0.1,2,0,0,201700076,201700285,0,249,249,2490,0,2490,3.0,2
201700286,78,19,2,LOS ANGELES,2017,2017-03-07,San Dimas,0,CITY COUNCIL,2,,Full,2,Bearse,Patrick,Law Enforcement/Lieutenant,N,2,5,1283,0,6869,6869,4.0,0.1867811908574756,2,0,0,201700078,201700286,0,1283,1283,6869,0,6869,4.0,2
201700287,78,19,2,LOS ANGELES,2017,2017-03-07,San Dimas,0,CITY COUNCIL,2,,Full,2,Bertone,Denis,Councilmember/RetiredEducator,Y,1,5,1860,0,6869,6869,1.0,0.27078177318386953,1,0,0,201700078,201700287,0,1860,1860,6869,0,6869,1.0,1
201700288,78,19,2,LOS ANGELES,2017,2017-03-07,San Dimas,0,CITY COUNCIL,2,,Full,2,Green,Margie Kiddoo,Planning Commissioner/Businessowner,N,2,5,1365,0,6869,6869,3.0,0.19871888193332363,2,0,0,201700078,201700288,0,1365,1365,6869,0,6869,3.0,2
201700289,78,19,2,LOS ANGELES,2017,2017-03-07,San Dimas,0,CITY COUNCIL,2,,Full,2,Ramirez,Emma Maria,Retired Police Supervisor,N,2,5,763,0,6869,6869,5.0,0.1110787596447809,2,0,0,201700078,201700289,0,763,763,6869,0,6869,5.0,2
201700290,78,19,2,LOS ANGELES,2017,2017-03-07,San Dimas,0,CITY COUNCIL,2,,Full,2,Vienna,Ryan,Sheriff's Sergeant/Businessman,N,2,5,1598,0,6869,6869,2.0,0.23263939438055029,1,0,0,201700078,201700290,0,1598,1598,6869,0,6869,2.0,1
201700291,80,19,2,LOS ANGELES,2017,2017-03-07,San Fernando,0,CITY COUNCIL,2,,Full,2,Berriozabal,Gilbert,Community Advocate,N,2,6,187,0,2789,2789,6.0,0.06704912154894227,2,0,0,201700080,201700291,0,187,187,2789,0,2789,6.0,2
201700292,80,19,2,LOS ANGELES,2017,2017-03-07,San Fernando,0,CITY COUNCIL,2,,Full,2,Fajardo,Joel,Vice Mayor/Businessman,Y,1,6,965,0,2789,2789,1.0,0.3460021513087128,1,0,0,201700080,201700292,0,965,965,2789,0,2789,1.0,1
201700293,80,19,2,LOS ANGELES,2017,2017-03-07,San Fernando,0,CITY COUNCIL,2,,Full,2,Gonzales,Robert C.,Mayor/Civil Servant,Y,1,6,848,0,2789,2789,2.0,0.3040516314091072,1,0,0,201700080,201700293,0,848,848,2789,0,2789,2.0,1
201700294,80,19,2,LOS ANGELES,2017,2017-03-07,San Fernando,0,CITY COUNCIL,2,,Full,2,Govea,David E.,Public School Teacher,N,2,6,325,0,2789,2789,3.0,0.11652922194334887,2,0,0,201700080,201700294,0,325,325,2789,0,2789,3.0,2
201700295,80,19,2,LOS ANGELES,2017,2017-03-07,San Fernando,0,CITY COUNCIL,2,,Full,2,Hayes,Jason,Educator,N,2,6,268,0,2789,2789,4.0,0.09609178917174614,2,0,0,201700080,201700295,0,268,268,2789,0,2789,4.0,2
201700296,80,19,2,LOS ANGELES,2017,2017-03-07,San Fernando,0,CITY COUNCIL,2,,Full,2,Perez,Marvin R.,Payroll Coordinator/Student,N,2,6,196,0,2789,2789,5.0,0.0702760846181427,2,0,0,201700080,201700296,0,196,196,2789,0,2789,5.0,2
201700297,83,19,2,LOS ANGELES,2017,2017-03-07,San Gabriel,0,CITY COUNCIL,2,,Full,3,Bowles,Scott,Businessman,N,2,7,1261,0,9491,9491,5.0,0.1328627120429881,2,0,0,201700083,201700297,0,1261,1261,9491,0,9491,5.0,2
201700298,83,19,2,LOS ANGELES,2017,2017-03-07,San Gabriel,0,CITY COUNCIL,2,,Full,3,Chan,Eric L.,Water District Director,N,2,7,1085,0,9491,9491,6.0,0.11431882836371299,2,0,0,201700083,201700298,0,1085,1085,9491,0,9491,6.0,2
201700299,83,19,2,LOS ANGELES,2017,2017-03-07,San Gabriel,0,CITY COUNCIL,2,,Full,3,Delatorre,Mario,Businessperson,N,2,7,1520,0,9491,9491,4.0,0.1601517226846486,2,0,0,201700083,201700299,0,1520,1520,9491,0,9491,4.0,2
201700300,83,19,2,LOS ANGELES,2017,2017-03-07,San Gabriel,0,CITY COUNCIL,2,,Full,3,Fauré,A.J.,Educator,N,2,7,566,0,9491,9491,7.0,0.05963544410494152,2,0,0,201700083,201700300,0,566,566,9491,0,9491,7.0,2
201700301,83,19,2,LOS ANGELES,2017,2017-03-07,San Gabriel,0,CITY COUNCIL,2,,Full,3,Liao,Chin Ho,Councilmember/Structural Engineer,Y,1,7,1727,0,9491,9491,2.0,0.18196185860288694,1,0,0,201700083,201700301,0,1727,1727,9491,0,9491,2.0,1
201700302,83,19,2,LOS ANGELES,2017,2017-03-07,San Gabriel,0,CITY COUNCIL,2,,Full,3,Menchaca,Denise,Business Owner,N,2,7,1528,0,9491,9491,3.0,0.16099462648825202,1,0,0,201700083,201700302,0,1528,1528,9491,0,9491,3.0,1
201700303,83,19,2,LOS ANGELES,2017,2017-03-07,San Gabriel,0,CITY COUNCIL,2,,Full,3,Pu,Jason,Councilmember/Business Attorney,Y,1,7,1804,0,9491,9491,1.0,0.1900748077125698,1,0,0,201700083,201700303,0,1804,1804,9491,0,9491,1.0,1
201700304,85,19,2,LOS ANGELES,2017,2017-03-07,Signal Hill,0,CITY COUNCIL,2,,Full,3,Aula,Jason R.,Deputy Voters Registrar,N,2,9,95,0,3638,3638,9.0,0.02611324903793293,2,0,0,201700085,201700304,0,95,95,3638,0,3638,9.0,2
201700305,85,19,2,LOS ANGELES,2017,2017-03-07,Signal Hill,0,CITY COUNCIL,2,,Full,3,Benson,Thomas,Planning Commissioner/Business Owner,N,2,9,274,0,3638,3638,8.0,0.07531610775151182,2,0,0,201700085,201700305,0,274,274,3638,0,3638,8.0,2
201700306,85,19,2,LOS ANGELES,2017,2017-03-07,Signal Hill,0,CITY COUNCIL,2,,Full,3,Blunden,Larry,Entrepreneur/City Treasurer,N,2,9,365,0,3638,3638,5.0,0.10032985156679494,2,0,0,201700085,201700306,0,365,365,3638,0,3638,5.0,2
201700307,85,19,2,LOS ANGELES,2017,2017-03-07,Signal Hill,0,CITY COUNCIL,2,,Full,3,Churchill,Carol,Attorney-At-Law/Business Owner,N,2,9,329,0,3638,3638,7.0,0.09043430456294667,2,0,0,201700085,201700307,0,329,329,3638,0,3638,7.0,2
201700308,85,19,2,LOS ANGELES,2017,2017-03-07,Signal Hill,0,CITY COUNCIL,2,,Full,3,Copeland,Robert D.,City Clerk/Engineer,N,2,9,535,0,3638,3638,3.0,0.14705882352941177,1,0,0,201700085,201700308,0,535,535,3638,0,3638,3.0,1
201700309,85,19,2,LOS ANGELES,2017,2017-03-07,Signal Hill,0,CITY COUNCIL,2,,Full,3,Harris,Maria,Retired University Professor,N,2,9,350,0,3638,3638,6.0,0.09620670698185817,2,0,0,201700085,201700309,0,350,350,3638,0,3638,6.0,2
201700310,85,19,2,LOS ANGELES,2017,2017-03-07,Signal Hill,0,CITY COUNCIL,2,,Full,3,Jones,Keir,Small Business Owner,N,2,9,534,0,3638,3638,4.0,0.14678394722374932,2,0,0,201700085,201700310,0,534,534,3638,0,3638,4.0,2
201700311,85,19,2,LOS ANGELES,2017,2017-03-07,Signal Hill,0,CITY COUNCIL,2,,Full,3,Wilson,"Edward ""Ed""",Councilman/Accountant,Y,1,9,560,0,3638,3638,2.0,0.15393073117097306,1,0,0,201700085,201700311,0,560,560,3638,0,3638,2.0,1
201700312,85,19,2,LOS ANGELES,2017,2017-03-07,Signal Hill,0,CITY COUNCIL,2,,Full,3,Woods,Lori Y.,Council Member/Realtor,Y,1,9,596,0,3638,3638,1.0,0.16382627817482134,1,0,0,201700085,201700312,0,596,596,3638,0,3638,1.0,1
201700313,88,19,2,LOS ANGELES,2017,2017-03-07,South Gate,0,CITY COUNCIL,2,,Full,2,De la Paz,Jose,Chief Operating Officer,N,2,9,797,0,7413,7413,5.0,0.10751382706056926,2,0,0,201700088,201700313,0,797,797,7413,0,7413,5.0,2
201700314,88,19,2,LOS ANGELES,2017,2017-03-07,South Gate,0,CITY COUNCIL,2,,Full,2,De Witt,Bill,Mayor,N,2,9,1345,0,7413,7413,3.0,0.18143801429920411,2,0,0,201700088,201700314,0,1345,1345,7413,0,7413,3.0,2
201700315,88,19,2,LOS ANGELES,2017,2017-03-07,South Gate,0,CITY COUNCIL,2,,Full,2,Diaz,Denise,Traffic School Instructor,N,2,9,1559,0,7413,7413,2.0,0.21030621880480238,1,0,0,201700088,201700315,0,1559,1559,7413,0,7413,2.0,1
201700316,88,19,2,LOS ANGELES,2017,2017-03-07,South Gate,0,CITY COUNCIL,2,,Full,2,Johnson,Mary L,Community Volunteer,N,2,9,418,0,7413,7413,6.5,0.05638742749224335,2,0,0,201700088,201700316,0,418,418,7413,0,7413,6.5,2
201700317,88,19,2,LOS ANGELES,2017,2017-03-07,South Gate,0,CITY COUNCIL,2,,Full,2,Montalvo,Christina,Pharmacy Technician,N,2,9,216,0,7413,7413,9.0,0.02913800080938891,2,0,0,201700088,201700317,0,216,216,7413,0,7413,9.0,2
201700318,88,19,2,LOS ANGELES,2017,2017-03-07,South Gate,0,CITY COUNCIL,2,,Full,2,Morrison,Tyler Francis,Certified Nurse Aide,N,2,9,224,0,7413,7413,8.0,0.03021718602455147,2,0,0,201700088,201700318,0,224,224,7413,0,7413,8.0,2
201700319,88,19,2,LOS ANGELES,2017,2017-03-07,South Gate,0,CITY COUNCIL,2,,Full,2,Pelayo,Edgar J.,Realtor,N,2,9,418,0,7413,7413,6.5,0.05638742749224335,2,0,0,201700088,201700319,0,418,418,7413,0,7413,6.5,2
201700320,88,19,2,LOS ANGELES,2017,2017-03-07,South Gate,0,CITY COUNCIL,2,,Full,2,Perez,Jenny,Nonprofit Development Director,N,2,9,799,0,7413,7413,4.0,0.10778362336435991,2,0,0,201700088,201700320,0,799,799,7413,0,7413,4.0,2
201700321,88,19,2,LOS ANGELES,2017,2017-03-07,South Gate,0,CITY COUNCIL,2,,Full,2,Rios,Al,Educator/College Adminstrator,N,2,9,1637,0,7413,7413,1.0,0.22082827465263727,1,0,0,201700088,201700321,0,1637,1637,7413,0,7413,1.0,1
201700322,90,19,2,LOS ANGELES,2017,2017-03-07,West Hollywood,0,CITY COUNCIL,2,,Full,2,Blatt,Cynthia,Community Planning Specialist,N,2,10,2200,0,12923,12923,4.0,0.17023910856612243,2,0,0,201700090,201700322,0,2200,2200,12923,0,12923,4.0,2
201700323,90,19,2,LOS ANGELES,2017,2017-03-07,West Hollywood,0,CITY COUNCIL,2,,Full,2,Cautillo,Michael,Producer,N,2,10,365,0,12923,12923,8.0,0.0282442157393794,2,0,0,201700090,201700323,0,365,365,12923,0,12923,8.0,2
201700324,90,19,2,LOS ANGELES,2017,2017-03-07,West Hollywood,0,CITY COUNCIL,2,,Full,2,Clark,Nate,Senior Retail Executive,N,2,10,711,0,12923,12923,5.0,0.05501818463205138,2,0,0,201700090,201700324,0,711,711,12923,0,12923,5.0,2
201700325,90,19,2,LOS ANGELES,2017,2017-03-07,West Hollywood,0,CITY COUNCIL,2,,Full,2,Duran,John J.,Entrepreneur,N,2,10,2828,0,12923,12923,2.0,0.2188346359204519,1,0,0,201700090,201700325,0,2828,2828,12923,0,12923,2.0,1
201700326,90,19,2,LOS ANGELES,2017,2017-03-07,West Hollywood,0,CITY COUNCIL,2,,Full,2,Heilman,John,Councilmember,Y,1,10,3343,0,12923,12923,1.0,0.2586860636075215,1,0,0,201700090,201700326,0,3343,3343,12923,0,12923,1.0,1
201700327,90,19,2,LOS ANGELES,2017,2017-03-07,West Hollywood,0,CITY COUNCIL,2,,Full,2,Goodwin,Amanda,Entrepreneur,N,2,10,407,0,12923,12923,6.0,0.03149423508473265,2,0,0,201700090,201700327,0,407,407,12923,0,12923,6.0,2
201700328,90,19,2,LOS ANGELES,2017,2017-03-07,West Hollywood,0,CITY COUNCIL,2,,Full,2,Martin,Steve,West Hollywood Councilmember,Y,1,10,2205,0,12923,12923,3.0,0.17062601563104543,2,0,0,201700090,201700328,0,2205,2205,12923,0,12923,3.0,2
201700329,90,19,2,LOS ANGELES,2017,2017-03-07,West Hollywood,0,CITY COUNCIL,2,,Full,2,Quaresimo,Joel,Small Business Owner,N,2,10,208,0,12923,12923,10.0,0.01609533390079703,2,0,0,201700090,201700329,0,208,208,12923,0,12923,10.0,2
201700330,90,19,2,LOS ANGELES,2017,2017-03-07,West Hollywood,0,CITY COUNCIL,2,,Full,2,Romo,Carla,Attorney,N,2,10,392,0,12923,12923,7.0,0.03033351388996363,2,0,0,201700090,201700330,0,392,392,12923,0,12923,7.0,2
201700331,90,19,2,LOS ANGELES,2017,2017-03-07,West Hollywood,0,CITY COUNCIL,2,,Full,2,Stillwell,Reed,Freelance Writer,N,2,10,264,0,12923,12923,9.0,0.02042869302793469,2,0,0,201700090,201700331,0,264,264,12923,0,12923,9.0,2
201700332,55,19,2,LOS ANGELES,2017,2017-03-07,Los Angeles,0,CITY COUNCIL,2,3,Full,1,Blumenfield,Bob,Los Angeles City Councilmember,Y,1,1,19063,0,19063,19063,1.0,1.0,1,0,0,201700055,201700332,0,19063,19063,19063,0,19063,1.0,1
201700333,70,19,2,LOS ANGELES,2017,2017-03-07,Pasadena,0,CITY COUNCIL,2,3,Full,1,Kennedy,John J.,Councilmember/Management Executive,Y,1,1,1108,0,1108,1108,1.0,1.0,1,0,0,201700070,201700333,0,1108,1108,1108,0,1108,1.0,1
201700381,93,19,2,LOS ANGELES,2017,2017-04-04,Glendale,0,CITY COUNCIL,2,,Full,3,Agajani,Vrej,Engineer/TV Executive,N,2,10,9551,0,57612,57612,2.0,0.16578143442338403,1,0,0,201700092,201700381,0,9551,9551,57612,0,57612,2.0,1
201700382,93,19,2,LOS ANGELES,2017,2017-04-04,Glendale,0,CITY COUNCIL,2,,Full,3,Dinger,Rick,Small Business Owner,N,2,10,6334,0,57612,57612,5.0,0.1099423731167118,2,0,0,201700092,201700382,0,6334,6334,57612,0,57612,5.0,2
201700383,93,19,2,LOS ANGELES,2017,2017-04-04,Glendale,0,CITY COUNCIL,2,,Full,3,Gorder,Mike Van,Photographer/Musician/Filmmaker,N,2,10,3148,0,57612,57612,8.0,0.05464139415399569,2,0,0,201700092,201700383,0,3148,3148,57612,0,57612,8.0,2
201700384,93,19,2,LOS ANGELES,2017,2017-04-04,Glendale,0,CITY COUNCIL,2,,Full,3,MacCarley,Mark,Retired Army General,N,2,10,6941,0,57612,57612,4.0,0.12047837256127196,2,0,0,201700092,201700384,0,6941,6941,57612,0,57612,4.0,2
201700385,93,19,2,LOS ANGELES,2017,2017-04-04,Glendale,0,CITY COUNCIL,2,,Full,3,Mehrabian,Onnik,Businessman/Parent,N,2,10,2484,0,57612,57612,9.0,0.04311601749635493,2,0,0,201700092,201700385,0,2484,2484,57612,0,57612,9.0,2
201700386,93,19,2,LOS ANGELES,2017,2017-04-04,Glendale,0,CITY COUNCIL,2,,Full,3,Michals,Grant,IT Consultant,N,2,10,2167,0,57612,57612,10.0,0.03761369159202944,2,0,0,201700092,201700386,0,2167,2167,57612,0,57612,10.0,2
201700387,93,19,2,LOS ANGELES,2017,2017-04-04,Glendale,0,CITY COUNCIL,2,,Full,3,Mohill,Mike,Retired Businessman,N,2,10,3643,0,57612,57612,7.0,0.0632333541623273,2,0,0,201700092,201700387,0,3643,3643,57612,0,57612,7.0,2
201700388,93,19,2,LOS ANGELES,2017,2017-04-04,Glendale,0,CITY COUNCIL,2,,Full,3,Najarian,Ara James,Glendale City Councilman,Y,1,10,9962,0,57612,57612,1.0,0.1729153648545442,1,0,0,201700092,201700388,0,9962,9962,57612,0,57612,1.0,1
201700389,93,19,2,LOS ANGELES,2017,2017-04-04,Glendale,0,CITY COUNCIL,2,,Full,3,Sinanyan,Zareh J.,Glendale Councilmember/Attorney,Y,1,10,9504,0,57612,57612,3.0,0.16496563215996668,1,0,0,201700092,201700389,0,9504,9504,57612,0,57612,3.0,1
201700390,93,19,2,LOS ANGELES,2017,2017-04-04,Glendale,0,CITY COUNCIL,2,,Full,3,Wolfson,Susan T.,Account Clerk,N,2,10,3878,0,57612,57612,6.0,0.06731236547941401,2,0,0,201700092,201700390,0,3878,3878,57612,0,57612,6.0,2
201700391,95,19,2,LOS ANGELES,2017,2017-04-04,Inglewood,0,CITY COUNCIL,2,1,Full,1,Dotson,George W.,Councilmember,Y,1,4,934,0,1421,1421,1.0,0.657283603096411,1,0,0,201700094,201700391,0,934,934,1421,0,1421,1.0,1
201700392,95,19,2,LOS ANGELES,2017,2017-04-04,Inglewood,0,CITY COUNCIL,2,1,Full,1,Fisher,Leroy N.,Retired LAUSD Graphics,N,2,4,94,0,1421,1421,3.0,0.06615059817030261,2,0,0,201700094,201700392,0,94,94,1421,0,1421,3.0,2
201700393,95,19,2,LOS ANGELES,2017,2017-04-04,Inglewood,0,CITY COUNCIL,2,1,Full,1,Ramirez,Hugo,Business Marketing Consultant,N,2,4,22,0,1421,1421,4.0,0.01548205489092189,2,0,0,201700094,201700393,0,22,22,1421,0,1421,4.0,2
201700394,95,19,2,LOS ANGELES,2017,2017-04-04,Inglewood,0,CITY COUNCIL,2,1,Full,1,Toler,Maxine,Human Resources Professional,N,2,4,371,0,1421,1421,2.0,0.26108374384236455,2,0,0,201700094,201700394,0,371,371,1421,0,1421,2.0,2
201700395,96,19,2,LOS ANGELES,2017,2017-04-04,Inglewood,0,CITY COUNCIL,2,2,Full,1,Padilla,Alex,Councilmember,Y,1,1,638,0,638,638,1.0,1.0,1,0,0,201700095,201700395,0,638,638,638,0,638,1.0,1
201700398,97,19,2,LOS ANGELES,2017,2017-04-11,Burbank,0,CITY COUNCIL,2,,Full,2,Frutos,"Robert ""Bob""",Retired Policeman/Councilmember,Y,1,4,6300,0,21036,21036,1.0,0.2994865944095836,1,0,0,201700096,201700398,0,6300,6300,21036,0,21036,1.0,1
201700399,97,19,2,LOS ANGELES,2017,2017-04-11,Burbank,0,CITY COUNCIL,2,,Full,2,Gordon,David,Incumbent,Y,1,4,5287,0,21036,21036,3.0,0.2513310515307093,2,0,0,201700096,201700399,0,5287,5287,21036,0,21036,3.0,2
201700400,97,19,2,LOS ANGELES,2017,2017-04-11,Burbank,0,CITY COUNCIL,2,,Full,2,Guillen,Juan,Small Business Owner,N,2,4,3783,0,21036,21036,4.0,0.1798345693097547,2,0,0,201700096,201700400,0,3783,3783,21036,0,21036,4.0,2
201700401,97,19,2,LOS ANGELES,2017,2017-04-11,Burbank,0,CITY COUNCIL,2,,Full,2,Springer,Sharon,Non Profit Administration,N,2,4,5666,0,21036,21036,2.0,0.26934778474995247,1,0,0,201700096,201700401,0,5666,5666,21036,0,21036,2.0,1
201700402,98,19,2,LOS ANGELES,2017,2017-04-11,Cerritos,0,CITY COUNCIL,2,,Full,2,Barrows,Bruce W.,Retired,N,2,7,2200,0,14152,14152,4.0,0.1554550593555681,2,0,0,201700097,201700402,0,2200,2200,14152,0,14152,4.0,2
201700403,98,19,2,LOS ANGELES,2017,2017-04-11,Cerritos,0,CITY COUNCIL,2,,Full,2,Havice,Sally M.,Businesswoman/Educator,N,2,7,652,0,14152,14152,6.0,0.04607122668174109,2,0,0,201700097,201700403,0,652,652,14152,0,14152,6.0,2
201700404,98,19,2,LOS ANGELES,2017,2017-04-11,Cerritos,0,CITY COUNCIL,2,,Full,2,Hu,Grace,Business Owner,N,2,7,3376,0,14152,14152,1.0,0.2385528547201809,1,0,0,201700097,201700404,0,3376,3376,14152,0,14152,1.0,1
201700405,98,19,2,LOS ANGELES,2017,2017-04-11,Cerritos,0,CITY COUNCIL,2,,Full,2,Ramachandran,Anantha,Technology Consultant,N,2,7,1435,0,14152,14152,5.0,0.10139909553420011,2,0,0,201700097,201700405,0,1435,1435,14152,0,14152,5.0,2
201700406,98,19,2,LOS ANGELES,2017,2017-04-11,Cerritos,0,CITY COUNCIL,2,,Full,2,Verma,Ashish Kumar,Software Chief Technologist,N,2,7,386,0,14152,14152,7.0,0.02727529677784059,2,0,0,201700097,201700406,0,386,386,14152,0,14152,7.0,2
201700407,98,19,2,LOS ANGELES,2017,2017-04-11,Cerritos,0,CITY COUNCIL,2,,Full,2,Vo,Chuong,Police Officer,N,2,7,3034,0,14152,14152,3.0,0.21438665912945168,2,0,0,201700097,201700407,0,3034,3034,14152,0,14152,3.0,2
201700408,98,19,2,LOS ANGELES,2017,2017-04-11,Cerritos,0,CITY COUNCIL,2,,Full,2,Yokoyama,Frank Aurelio,Real Estate Attorney,N,2,7,3069,0,14152,14152,2.0,0.21685980780101752,1,0,0,201700097,201700408,0,3069,3069,14152,0,14152,2.0,1
201700409,100,19,2,LOS ANGELES,2017,2017-04-11,Monrovia,0,CITY COUNCIL,2,,Full,2,Blackburn,Alexander C.,Attorney/Councilmember,Y,1,3,1480,0,3939,3939,2.0,0.3757298806803757,1,0,0,201700099,201700409,0,1480,1480,3939,0,3939,2.0,1
201700410,100,19,2,LOS ANGELES,2017,2017-04-11,Monrovia,0,CITY COUNCIL,2,,Full,2,DeCosta,Clifford,Retired Peace Officer,N,2,3,751,0,3939,3939,3.0,0.19065752729119065,2,0,0,201700099,201700410,0,751,751,3939,0,3939,3.0,2
201700411,100,19,2,LOS ANGELES,2017,2017-04-11,Monrovia,0,CITY COUNCIL,2,,Full,2,Spicer,Larry J.,Incumbent/Retired,Y,1,3,1708,0,3939,3939,1.0,0.4336125920284336,1,0,0,201700099,201700411,0,1708,1708,3939,0,3939,1.0,1
201700412,103,19,2,LOS ANGELES,2017,2017-04-11,Vernon,0,CITY COUNCIL,2,,Full,1,Ybarra,Melissa,Incumbent,Y,1,1,39,0,39,39,1.0,1.0,1,0,0,201700102,201700412,0,39,39,39,0,39,1.0,1
201700420,106,19,2,LOS ANGELES,2017,2017-04-18,Compton,0,CITY COUNCIL,2,2,Full,1,Galvan,Isaac,Councilman/ Auxilary Firefighter,Y,1,4,757,5,1271,1276,1.0,0.5932601880877743,1,0,0,201700105,201700420,0,757,757,1271,5,1276,1.0,1
201700421,106,19,2,LOS ANGELES,2017,2017-04-18,Compton,0,CITY COUNCIL,2,2,Full,1,Hamade,Al,Businessman/Entrepreneur,N,2,4,189,5,1271,1276,2.0,0.1481191222570533,2,0,0,201700105,201700421,0,189,189,1271,5,1276,2.0,2
201700422,106,19,2,LOS ANGELES,2017,2017-04-18,Compton,0,CITY COUNCIL,2,2,Full,1,Ivey,Bill,Retired Auditor,N,2,4,178,5,1271,1276,3.0,0.13949843260188088,2,0,0,201700105,201700422,0,178,178,1271,5,1276,3.0,2
201700423,106,19,2,LOS ANGELES,2017,2017-04-18,Compton,0,CITY COUNCIL,2,2,Full,1,Venters,Jackie,Businesswoman,N,2,4,147,5,1271,1276,4.0,0.1152037617554859,2,0,0,201700105,201700423,0,147,147,1271,5,1276,4.0,2
201700424,107,19,2,LOS ANGELES,2017,2017-04-18,Compton,0,CITY COUNCIL,2,3,Full,1,Carlos,Tomas,Architectural Engineering Associate,N,2,5,649,9,2165,2174,2.0,0.2985280588776449,3,1,1,201700106,201700424,0,649,649,2165,9,2174,2.0,3
201700425,107,19,2,LOS ANGELES,2017,2017-04-18,Compton,0,CITY COUNCIL,2,3,Full,1,Kelly,Joyce,Journalist,N,2,5,241,9,2165,2174,4.0,0.11085556577736891,2,0,0,201700106,201700425,0,241,241,2165,9,2174,4.0,2
201700426,107,19,2,LOS ANGELES,2017,2017-04-18,Compton,0,CITY COUNCIL,2,3,Full,1,McCoy,Tana L.,Appointed City Councilmember,Y,1,5,819,9,2165,2174,1.0,0.3767249310027599,3,1,1,201700106,201700426,0,819,819,2165,9,2174,1.0,3
201700427,107,19,2,LOS ANGELES,2017,2017-04-18,Compton,0,CITY COUNCIL,2,3,Full,1,Petit,Chris,Community Relations Commissioner,N,2,5,177,9,2165,2174,5.0,0.08141674333026679,2,0,0,201700106,201700427,0,177,177,2165,9,2174,5.0,2
201700428,107,19,2,LOS ANGELES,2017,2017-04-18,Compton,0,CITY COUNCIL,2,3,Full,1,Ray,Robert L.,Retired Business Owner,N,2,5,279,9,2165,2174,3.0,0.12833486660533577,2,0,0,201700106,201700428,0,279,279,2165,9,2174,3.0,2
201700429,110,19,2,LOS ANGELES,2017,2017-04-18,Pasadena,0,CITY COUNCIL,2,7,Full,1,Hosp,Phil,Securities Fraud Attorney,N,2,2,1757,0,3550,3550,2.0,0.4949295774647887,2,0,0,201700109,201700429,0,1757,1757,3550,0,3550,2.0,2
201700430,110,19,2,LOS ANGELES,2017,2017-04-18,Pasadena,0,CITY COUNCIL,2,7,Full,1,Wilson,Andy,Businessman/Appointed Councilmember,Y,1,2,1793,0,3550,3550,1.0,0.5050704225352113,1,0,0,201700109,201700430,0,1793,1793,3550,0,3550,1.0,1
201700440,111,19,2,LOS ANGELES,2017,2017-05-16,Los Angeles,0,CITY COUNCIL,2,1,Full,1,Bray-Ali,Joe,Community Advocate,N,2,2,4521,0,15936,15936,2.0,0.2836972891566265,2,0,0,201700110,201700440,0,4521,4521,15936,0,15936,2.0,2
201700441,111,19,2,LOS ANGELES,2017,2017-05-16,Los Angeles,0,CITY COUNCIL,2,1,Full,1,Cedillo,"Gilbert ""Gil""",Los Angeles City Councilmember,Y,1,2,11415,0,15936,15936,1.0,0.7163027108433735,1,0,0,201700110,201700441,0,11415,11415,15936,0,15936,1.0,1
201700442,112,19,2,LOS ANGELES,2017,2017-05-16,Los Angeles,0,CITY COUNCIL,2,7,Full,1,Rodriguez,Monica,Los Angeles Commissioner/Businesswoman,N,2,2,9588,0,17875,17875,1.0,0.5363916083916084,1,0,0,201700111,201700442,0,9588,9588,17875,0,17875,1.0,1
201700443,112,19,2,LOS ANGELES,2017,2017-05-16,Los Angeles,0,CITY COUNCIL,2,7,Full,1,Torossian,Karo,Chief Environmental Planner,N,2,2,8287,0,17875,17875,2.0,0.4636083916083916,2,0,0,201700111,201700443,0,8287,8287,17875,0,17875,2.0,2
201700444,113,19,2,LOS ANGELES,2017,2017-05-16,Redondo Beach,0,CITY COUNCIL,2,1,Full,1,Barbee,Martha,Redondo Beach Councilwoman,Y,1,2,1365,0,3480,3480,2.0,0.3922413793103448,2,0,0,201700112,201700444,0,1365,1365,3480,0,3480,2.0,2
201700445,113,19,2,LOS ANGELES,2017,2017-05-16,Redondo Beach,0,CITY COUNCIL,2,1,Full,1,Nehrenheim,Nils,Businessman and Lifeguard,N,2,2,2115,0,3480,3480,1.0,0.6077586206896551,1,0,0,201700112,201700445,0,2115,2115,3480,0,3480,1.0,1
201700446,114,19,2,LOS ANGELES,2017,2017-06-06,Commerce,0,CITY COUNCIL,2,,Full,3,Altamirano,Ivan,Mayor/Business Owner,Y,1,11,475,0,4508,4508,3.0,0.10536823425022183,1,0,0,201700113,201700446,0,475,475,4508,0,4508,3.0,1
201700447,114,19,2,LOS ANGELES,2017,2017-06-06,Commerce,0,CITY COUNCIL,2,,Full,3,Baca Del Rio,Tina,Mayor Pro Tem,Y,1,11,450,0,4508,4508,4.0,0.09982253771073647,2,0,0,201700113,201700447,0,450,450,4508,0,4508,4.0,2
201700448,114,19,2,LOS ANGELES,2017,2017-06-06,Commerce,0,CITY COUNCIL,2,,Full,3,Calderon,Charlie,Businessman,N,2,11,208,0,4508,4508,11.0,0.04614019520851819,2,0,0,201700113,201700448,0,208,208,4508,0,4508,11.0,2
201700449,114,19,2,LOS ANGELES,2017,2017-06-06,Commerce,0,CITY COUNCIL,2,,Full,3,Leon,Lilia R.,Council Member,Y,1,11,390,0,4508,4508,8.0,0.0865128660159716,2,0,0,201700113,201700449,0,390,390,4508,0,4508,8.0,2
201700450,114,19,2,LOS ANGELES,2017,2017-06-06,Commerce,0,CITY COUNCIL,2,,Full,3,Mendoza,Leonard,School District Painter,N,2,11,522,0,4508,4508,1.0,0.1157941437444543,1,0,0,201700113,201700450,0,522,522,4508,0,4508,1.0,1
201700451,114,19,2,LOS ANGELES,2017,2017-06-06,Commerce,0,CITY COUNCIL,2,,Full,3,Munoz,Sylvia,Retired,N,2,11,365,0,4508,4508,9.0,0.08096716947648624,2,0,0,201700113,201700451,0,365,365,4508,0,4508,9.0,2
201700452,114,19,2,LOS ANGELES,2017,2017-06-06,Commerce,0,CITY COUNCIL,2,,Full,3,Peraza,"Johncito ""John""",Loan Analysis Representative,N,2,11,406,0,4508,4508,7.0,0.09006211180124224,2,0,0,201700113,201700452,0,406,406,4508,0,4508,7.0,2
201700453,114,19,2,LOS ANGELES,2017,2017-06-06,Commerce,0,CITY COUNCIL,2,,Full,3,Robles,Denise,Nonprofit Advisory Boardmember,N,2,11,423,0,4508,4508,6.0,0.09383318544809229,2,0,0,201700113,201700453,0,423,423,4508,0,4508,6.0,2
201700454,114,19,2,LOS ANGELES,2017,2017-06-06,Commerce,0,CITY COUNCIL,2,,Full,3,Romero,"Randy ""Sax""",Commercial Transportation,N,2,11,321,0,4508,4508,10.0,0.07120674356699201,2,0,0,201700113,201700454,0,321,321,4508,0,4508,10.0,2
201700455,114,19,2,LOS ANGELES,2017,2017-06-06,Commerce,0,CITY COUNCIL,2,,Full,3,Soria,John,Law Enforcement Technician,N,2,11,508,0,4508,4508,2.0,0.1126885536823425,1,0,0,201700113,201700455,0,508,508,4508,0,4508,2.0,1
201700456,114,19,2,LOS ANGELES,2017,2017-06-06,Commerce,0,CITY COUNCIL,2,,Full,3,Valencia,Jaime,Accounting/Audit Associate,N,2,11,440,0,4508,4508,5.0,0.09760425909494233,2,0,0,201700113,201700456,0,440,440,4508,0,4508,5.0,2
201700457,115,19,2,LOS ANGELES,2017,2017-06-06,Compton,0,CITY COUNCIL,2,3,Full,1,Carlos,Tomas,Architectural Engineering Associate,N,2,2,505,0,1683,1683,2.0,0.30005941770647654,2,0,0,201700114,201700457,0,505,505,1683,0,1683,2.0,2
201700458,115,19,2,LOS ANGELES,2017,2017-06-06,Compton,0,CITY COUNCIL,2,3,Full,1,McCoy,Tana L.,Appointed City Councilmember,Y,1,2,1178,0,1683,1683,1.0,0.6999405822935235,1,0,0,201700114,201700458,0,1178,1178,1683,0,1683,1.0,1
201700463,118,19,2,LOS ANGELES,2017,2017-11-07,Hermosa Beach,0,CITY COUNCIL,2,,Full,3,Armato,Stacey,City Councilmember/Attorney,Y,1,7,2288,0,9809,9809,1.0,0.23325517381996125,1,0,0,201700117,201700463,0,2288,2288,9809,0,9809,1.0,1
201700464,118,19,2,LOS ANGELES,2017,2017-11-07,Hermosa Beach,0,CITY COUNCIL,2,,Full,3,Campbell,Mary,Consultant/School Boardmember,Y,1,7,1934,0,9809,9809,2.0,0.1971658680803344,1,0,0,201700117,201700464,0,1934,1934,9809,0,9809,2.0,1
201700465,118,19,2,LOS ANGELES,2017,2017-11-07,Hermosa Beach,0,CITY COUNCIL,2,,Full,3,Cenci,Christopher,Small Business Owner,N,2,7,353,0,9809,9809,7.0,0.03598735854827199,2,0,0,201700117,201700465,0,353,353,9809,0,9809,7.0,2
201700466,118,19,2,LOS ANGELES,2017,2017-11-07,Hermosa Beach,0,CITY COUNCIL,2,,Full,3,Fangary,H.S.,Councilmember/Attorney/Engineer,N,2,7,1867,0,9809,9809,3.0,0.19033540625955755,1,0,0,201700117,201700466,0,1867,1867,9809,0,9809,3.0,1
201700467,118,19,2,LOS ANGELES,2017,2017-11-07,Hermosa Beach,0,CITY COUNCIL,2,,Full,3,Larson,Trent Bernard,Corporate Account Manager,N,2,7,1076,0,9809,9809,5.0,0.10969517789784891,2,0,0,201700117,201700467,0,1076,1076,9809,0,9809,5.0,2
201700468,118,19,2,LOS ANGELES,2017,2017-11-07,Hermosa Beach,0,CITY COUNCIL,2,,Full,3,McCool,Matt,Consultant/Commissioner/Reservist,N,2,7,824,0,9809,9809,6.0,0.08400448567641962,2,0,0,201700117,201700468,0,824,824,9809,0,9809,6.0,2
201700469,118,19,2,LOS ANGELES,2017,2017-11-07,Hermosa Beach,0,CITY COUNCIL,2,,Full,3,Tucker,Peter C.,Senior Building Inspector,N,2,7,1467,0,9809,9809,4.0,0.14955652971760627,2,0,0,201700117,201700469,0,1467,1467,9809,0,9809,4.0,2
201700470,119,19,2,LOS ANGELES,2017,2017-11-07,La Habra Heights,0,CITY COUNCIL,2,,Full,3,Bergman,Brian,Councilmember/Retired Manager,Y,1,5,711,0,2902,2902,1.0,0.24500344589937975,1,0,0,201700118,201700470,0,711,711,2902,0,2902,1.0,1
201700471,119,19,2,LOS ANGELES,2017,2017-11-07,La Habra Heights,0,CITY COUNCIL,2,,Full,3,Higgins,Michael,City Councilman,Y,1,5,524,0,2902,2902,4.0,0.18056512749827705,2,0,0,201700118,201700471,0,524,524,2902,0,2902,4.0,2
201700472,119,19,2,LOS ANGELES,2017,2017-11-07,La Habra Heights,0,CITY COUNCIL,2,,Full,3,Klingfus,Carey,Businessman,N,2,5,574,0,2902,2902,2.0,0.1977946243969676,1,0,0,201700118,201700472,0,574,574,2902,0,2902,2.0,1
201700473,119,19,2,LOS ANGELES,2017,2017-11-07,La Habra Heights,0,CITY COUNCIL,2,,Full,3,Miller,Kyle,Councilmember/Executive Director,Y,1,5,521,0,2902,2902,5.0,0.17953135768435563,2,0,0,201700118,201700473,0,521,521,2902,0,2902,5.0,2
201700474,119,19,2,LOS ANGELES,2017,2017-11-07,La Habra Heights,0,CITY COUNCIL,2,,Full,3,Zezula,Norm,Retired Technical Director,N,2,5,572,0,2902,2902,3.0,0.19710544452102,1,0,0,201700118,201700474,0,572,572,2902,0,2902,3.0,1
201700475,120,19,2,LOS ANGELES,2017,2017-11-07,Rancho Palos Verdes,0,CITY COUNCIL,2,,Full,2,Alegria,Eric,Finance Boardmember/Businessman,N,2,6,2399,0,10450,10450,2.0,0.22956937799043062,1,0,0,201700119,201700475,0,2399,2399,10450,0,10450,2.0,1
201700476,120,19,2,LOS ANGELES,2017,2017-11-07,Rancho Palos Verdes,0,CITY COUNCIL,2,,Full,2,Cruikshank,John,Planning Commissioner/Engineer,N,2,6,3306,0,10450,10450,1.0,0.31636363636363635,1,0,0,201700119,201700476,0,3306,3306,10450,0,10450,1.0,1
201700477,120,19,2,LOS ANGELES,2017,2017-11-07,Rancho Palos Verdes,0,CITY COUNCIL,2,,Full,2,Emenhiser,Dave,Businessman/City Commissioner,N,2,6,2125,0,10450,10450,3.0,0.20334928229665072,2,0,0,201700119,201700477,0,2125,2125,10450,0,10450,3.0,2
201700478,120,19,2,LOS ANGELES,2017,2017-11-07,Rancho Palos Verdes,0,CITY COUNCIL,2,,Full,2,Johnson,Krista,Executive/Financial Boardmember,N,2,6,1477,0,10450,10450,4.0,0.1413397129186603,2,0,0,201700119,201700478,0,1477,1477,10450,0,10450,4.0,2
201700479,120,19,2,LOS ANGELES,2017,2017-11-07,Rancho Palos Verdes,0,CITY COUNCIL,2,,Full,2,Kelly,Ben,Student,N,2,6,666,0,10450,10450,5.0,0.06373205741626795,2,0,0,201700119,201700479,0,666,666,10450,0,10450,5.0,2
201700480,120,19,2,LOS ANGELES,2017,2017-11-07,Rancho Palos Verdes,0,CITY COUNCIL,2,,Full,2,Vitalich,Matthew,Writer,N,2,6,477,0,10450,10450,6.0,0.04564593301435407,2,0,0,201700119,201700480,0,477,477,10450,0,10450,6.0,2
201700481,121,19,2,LOS ANGELES,2017,2017-11-07,San Marino Hills,0,CITY COUNCIL,2,,Full,3,Chen,Hai-Sou,Dentist,N,2,7,598,0,7721,7721,5.0,0.07745110736951172,2,0,0,201700120,201700481,0,598,598,7721,0,7721,5.0,2
201700482,121,19,2,LOS ANGELES,2017,2017-11-07,San Marino Hills,0,CITY COUNCIL,2,,Full,3,Jakubowski,Susan,Retired County Administrator,N,2,7,1685,0,7721,7721,3.0,0.2182359797953633,1,0,0,201700120,201700482,0,1685,1685,7721,0,7721,3.0,1
201700483,121,19,2,LOS ANGELES,2017,2017-11-07,San Marino Hills,0,CITY COUNCIL,2,,Full,3,Kwong,Scott,Business Owner,N,2,7,563,0,7721,7721,6.0,0.07291801580106204,2,0,0,201700120,201700483,0,563,563,7721,0,7721,6.0,2
201700484,121,19,2,LOS ANGELES,2017,2017-11-07,San Marino Hills,0,CITY COUNCIL,2,,Full,3,Lo,Calvin,Real Estate Consultant,N,2,7,870,0,7721,7721,4.0,0.11267970470146355,2,0,0,201700120,201700484,0,870,870,7721,0,7721,4.0,2
201700485,121,19,2,LOS ANGELES,2017,2017-11-07,San Marino Hills,0,CITY COUNCIL,2,,Full,3,Romey,Gretchen Shepherd,Attorney/Volutnteer/Parent,N,2,7,1875,0,7721,7721,1.0,0.24284419116694728,1,0,0,201700120,201700485,0,1875,1875,7721,0,7721,1.0,1
201700486,121,19,2,LOS ANGELES,2017,2017-11-07,San Marino Hills,0,CITY COUNCIL,2,,Full,3,Sun,Eugene C.,Real Estate Broker,N,2,7,444,0,7721,7721,7.0,0.05750550446833311,2,0,0,201700120,201700486,0,444,444,7721,0,7721,7.0,2
201700487,121,19,2,LOS ANGELES,2017,2017-11-07,San Marino Hills,0,CITY COUNCIL,2,,Full,3,Ude,Ken,Businessman,N,2,7,1686,0,7721,7721,2.0,0.218365496697319,1,0,0,201700120,201700487,0,1686,1686,7721,0,7721,2.0,1
201700488,122,19,2,LOS ANGELES,2017,2017-11-07,South El Monte,0,CITY COUNCIL,2,,Full,2,Acosta,"Manuel ""Manny""",College Instructor,N,2,5,497,0,1671,1671,1.0,0.2974266906044285,1,0,0,201700121,201700488,0,497,497,1671,0,1671,1.0,1
201700489,122,19,2,LOS ANGELES,2017,2017-11-07,South El Monte,0,CITY COUNCIL,2,,Full,2,Ili,"Willhans ""Hans""",School Teacher,N,2,5,344,0,1671,1671,3.0,0.20586475164572113,2,0,0,201700121,201700489,0,344,344,1671,0,1671,3.0,2
201700490,122,19,2,LOS ANGELES,2017,2017-11-07,South El Monte,0,CITY COUNCIL,2,,Full,2,Pardo,Raul,No Ballot Designation,N,2,5,170,0,1671,1671,5.0,0.10173548773189707,2,0,0,201700121,201700490,0,170,170,1671,0,1671,5.0,2
201700491,122,19,2,LOS ANGELES,2017,2017-11-07,South El Monte,0,CITY COUNCIL,2,,Full,2,Retamoza,Gracie,College Counselor,N,2,5,407,0,1671,1671,2.0,0.24356672651107122,1,0,0,201700121,201700491,0,407,407,1671,0,1671,2.0,1
201700492,122,19,2,LOS ANGELES,2017,2017-11-07,South El Monte,0,CITY COUNCIL,2,,Full,2,Zepeda,"Gilbert ""Gil""",Regional Sales Manager,N,2,5,253,0,1671,1671,4.0,0.15140634350688212,2,0,0,201700121,201700492,0,253,253,1671,0,1671,4.0,2
201700493,123,19,2,LOS ANGELES,2017,2017-11-07,South El Monte,0,CITY COUNCIL,2,,Short,1,Angel,Richard,Appointed Incumbent,Y,1,1,721,0,721,721,1.0,1.0,1,0,0,201700122,201700493,0,721,721,721,0,721,1.0,1
201700494,124,21,2,MARIN,2017,2017-11-07,Fairfax,0,CITY COUNCIL,2,,Full,3,Ackerman,Bruce,Planning Commissioner/Engineer,N,2,6,1289,16,6507,6523,1.0,0.19760846236394297,1,0,0,201700123,201700494,0,1289,1289,6507,16,6523,1.0,1
201700495,124,21,2,MARIN,2017,2017-11-07,Fairfax,0,CITY COUNCIL,2,,Full,3,Benson,Deborah,Accounting Services Proprietor,N,2,6,948,16,6507,6523,5.0,0.14533190249885022,2,0,0,201700123,201700495,0,948,948,6507,16,6523,5.0,2
201700496,124,21,2,MARIN,2017,2017-11-07,Fairfax,0,CITY COUNCIL,2,,Full,3,Coler,Barbara,Incumbent,Y,1,6,1209,16,6507,6523,3.0,0.18534416679441976,1,0,0,201700123,201700496,0,1209,1209,6507,16,6523,3.0,1
201700497,124,21,2,MARIN,2017,2017-11-07,Fairfax,0,CITY COUNCIL,2,,Full,3,Cornwell,Charles,Network Systems Administrator,N,2,6,800,16,6507,6523,6.0,0.12264295569523226,2,0,0,201700123,201700497,0,800,800,6507,16,6523,6.0,2
201700498,124,21,2,MARIN,2017,2017-11-07,Fairfax,0,CITY COUNCIL,2,,Full,3,Reed,John,Town Councilmember,Y,1,6,1287,16,6507,6523,2.0,0.1973018549747049,1,0,0,201700123,201700498,0,1287,1287,6507,16,6523,2.0,1
201700499,124,21,2,MARIN,2017,2017-11-07,Fairfax,0,CITY COUNCIL,2,,Full,3,Swift,Cindy,Retired IT Manager,N,2,6,974,16,6507,6523,4.0,0.14931779855894528,2,0,0,201700123,201700499,0,974,974,6507,16,6523,4.0,2
201700500,125,21,2,MARIN,2017,2017-11-07,Larkspur,0,CITY COUNCIL,2,,Full,3,Haroff,Kevin,Councilmember/Environmental Attorney,Y,1,3,1955,93,5778,5871,1.0,0.33299267586441833,1,0,0,201700124,201700500,0,1955,1955,5778,93,5871,1.0,1
201700501,125,21,2,MARIN,2017,2017-11-07,Larkspur,0,CITY COUNCIL,2,,Full,3,Hillmer,Daniel,Incumbent,Y,1,3,1894,93,5778,5871,3.0,0.32260262306251064,1,0,0,201700124,201700501,0,1894,1894,5778,93,5871,3.0,1
201700502,125,21,2,MARIN,2017,2017-11-07,Larkspur,0,CITY COUNCIL,2,,Full,3,Way,Catherine,Incumbent,Y,1,3,1929,93,5778,5871,2.0,0.32856412876852326,1,0,0,201700124,201700502,0,1929,1929,5778,93,5871,2.0,1
201700503,126,21,2,MARIN,2017,2017-11-07,Novato,0,CITY COUNCIL,2,,Full,2,Athas,Denise,Incumbent,Y,1,3,7401,163,19266,19429,1.0,0.3809254207627773,1,0,0,201700125,201700503,0,7401,7401,19266,163,19429,1.0,1
201700504,126,21,2,MARIN,2017,2017-11-07,Novato,0,CITY COUNCIL,2,,Full,2,Eklund,Pat,Novato Councilmember,Y,1,3,7159,163,19266,19429,2.0,0.36846981316588606,1,0,0,201700125,201700504,0,7159,7159,19266,163,19429,2.0,1
201700505,126,21,2,MARIN,2017,2017-11-07,Novato,0,CITY COUNCIL,2,,Full,2,Morrison,Kevin J.,Communication Strategist,N,2,3,4706,163,19266,19429,3.0,0.24221524525194296,2,0,0,201700125,201700505,0,4706,4706,19266,163,19429,3.0,2
201700506,127,21,2,MARIN,2017,2017-11-07,San Anselmo,0,CITY COUNCIL,2,,Full,3,Burdo,Steve,San Anselmo Parks Commissioner,N,2,5,1639,30,7774,7804,4.0,0.21002050230650948,2,0,0,201700126,201700506,0,1639,1639,7774,30,7804,4.0,2
201700507,127,21,2,MARIN,2017,2017-11-07,San Anselmo,0,CITY COUNCIL,2,,Full,3,Colbert,Brian L.,Entrepreneur,N,2,5,2041,30,7774,7804,1.0,0.2615325474115838,1,0,0,201700126,201700507,0,2041,2041,7774,30,7804,1.0,1
201700508,127,21,2,MARIN,2017,2017-11-07,San Anselmo,0,CITY COUNCIL,2,,Full,3,Coleman,Kay,Incumbent,Y,1,5,1859,30,7774,7804,2.0,0.23821117375704767,1,0,0,201700126,201700508,0,1859,1859,7774,30,7804,2.0,1
201700509,127,21,2,MARIN,2017,2017-11-07,San Anselmo,0,CITY COUNCIL,2,,Full,3,King,Tom,Writer,N,2,5,407,30,7774,7804,5.0,0.05215274218349564,2,0,0,201700126,201700509,0,407,407,7774,30,7804,5.0,2
201700510,127,21,2,MARIN,2017,2017-11-07,San Anselmo,0,CITY COUNCIL,2,,Full,3,Wright,John,Incumbent,Y,1,5,1828,30,7774,7804,3.0,0.23423885187083546,1,0,0,201700126,201700510,0,1828,1828,7774,30,7804,3.0,1
201700511,128,21,2,MARIN,2017,2017-11-07,Sausalito,0,CITY COUNCIL,2,,Short,1,Blaustein,Melissa,International Advocacy Director,N,2,3,615,5,2458,2463,3.0,0.2496954933008526,2,0,0,201700127,201700511,0,615,615,2458,5,2463,3.0,2
201700512,128,21,2,MARIN,2017,2017-11-07,Sausalito,0,CITY COUNCIL,2,,Short,1,Cleveland-Knowles,Susan,Planning Commissioner/Attorney,N,2,3,1157,5,2458,2463,1.0,0.4697523345513601,1,1,0,201700127,201700512,0,1157,1157,2458,5,2463,1.0,1
201700513,128,21,2,MARIN,2017,2017-11-07,Sausalito,0,CITY COUNCIL,2,,Short,1,Werner,Bill,Planning Commissioner/Architect,N,2,3,686,5,2458,2463,2.0,0.2785221274868047,2,1,0,201700127,201700513,0,686,686,2458,5,2463,2.0,2
201700514,129,21,2,MARIN,2017,2017-11-07,Tiburon,0,CITY COUNCIL,2,,Short,2,Kulik,David,Appointed Incumbent,Y,1,3,1209,25,3387,3412,2.0,0.35433763188745604,1,0,0,201700128,201700514,0,1209,1209,3387,25,3412,2.0,1
201700515,129,21,2,MARIN,2017,2017-11-07,Tiburon,0,CITY COUNCIL,2,,Short,2,Ryan,Jack,Bus Program Manager,N,2,3,955,25,3387,3412,3.0,0.27989449003517,2,0,0,201700128,201700515,0,955,955,3387,25,3412,3.0,2
201700516,129,21,2,MARIN,2017,2017-11-07,Tiburon,0,CITY COUNCIL,2,,Short,2,Thier,Holli,Appointed Incumbent,Y,1,3,1223,25,3387,3412,1.0,0.35844079718640093,1,0,0,201700128,201700516,0,1223,1223,3387,25,3412,1.0,1
201700519,131,33,2,RIVERSIDE,2017,2017-06-06,Moreno Valley,0,CITY COUNCIL,2,4,Full,1,"Baker, ll",James C.,Parks Recreation Commissioner,N,2,4,302,0,1928,1928,4.0,0.1566390041493776,2,0,0,201700130,201700519,0,302,302,1928,0,1928,4.0,2
201700520,131,33,2,RIVERSIDE,2017,2017-06-06,Moreno Valley,0,CITY COUNCIL,2,4,Full,1,Barnard,Cheylynda,Social Worker,N,2,4,458,0,1928,1928,2.0,0.237551867219917,2,1,0,201700130,201700520,0,458,458,1928,0,1928,2.0,2
201700521,131,33,2,RIVERSIDE,2017,2017-06-06,Moreno Valley,0,CITY COUNCIL,2,4,Full,1,Cabrera,Ulises,Youth Program Director,N,2,4,713,0,1928,1928,1.0,0.3698132780082988,1,1,0,201700130,201700521,0,713,713,1928,0,1928,1.0,1
201700522,131,33,2,RIVERSIDE,2017,2017-06-06,Moreno Valley,0,CITY COUNCIL,2,4,Full,1,Diaz,Hector,Small Business Owner,N,2,4,455,0,1928,1928,3.0,0.23599585062240663,2,0,0,201700130,201700522,0,455,455,1928,0,1928,3.0,2
201700523,132,33,2,RIVERSIDE,2017,2017-06-06,Riverside,0,CITY COUNCIL,2,2,Full,1,Dawson,Kevin M.,Community Volunteer,N,2,3,1097,0,4311,4311,2.0,0.2544653212711668,2,0,0,201700131,201700523,0,1097,1097,4311,0,4311,2.0,2
201700524,132,33,2,RIVERSIDE,2017,2017-06-06,Riverside,0,CITY COUNCIL,2,2,Full,1,Harris,Jon Scott,Pastor/Business Owner,N,2,3,753,0,4311,4311,3.0,0.17466945024356298,2,0,0,201700131,201700524,0,753,753,4311,0,4311,3.0,2
201700525,132,33,2,RIVERSIDE,2017,2017-06-06,Riverside,0,CITY COUNCIL,2,2,Full,1,Melendrez,Andy,City Councilman / Businessman,Y,1,3,2461,0,4311,4311,1.0,0.5708652284852702,1,0,0,201700131,201700525,0,2461,2461,4311,0,4311,1.0,1
201700526,133,33,2,RIVERSIDE,2017,2017-06-06,Riverside,0,CITY COUNCIL,2,4,Full,1,Conder,Chuck,Retired USAF Officer,N,2,2,3050,0,5633,5633,1.0,0.5414521569323628,1,0,0,201700132,201700526,0,3050,3050,5633,0,5633,1.0,1
201700527,133,33,2,RIVERSIDE,2017,2017-06-06,Riverside,0,CITY COUNCIL,2,4,Full,1,Davis,Paul,Councilmember/Small Businessman,Y,1,2,2583,0,5633,5633,2.0,0.45854784306763713,2,0,0,201700132,201700527,0,2583,2583,5633,0,5633,2.0,2
201700528,134,33,2,RIVERSIDE,2017,2017-06-06,Riverside,0,CITY COUNCIL,2,6,Full,1,Elizalde,Rafael,District Director,N,2,2,1318,0,3884,3884,2.0,0.339340885684861,2,0,0,201700133,201700528,0,1318,1318,3884,0,3884,2.0,2
201700529,134,33,2,RIVERSIDE,2017,2017-06-06,Riverside,0,CITY COUNCIL,2,6,Full,1,Perry,Jim,Councilman/Retired Policeman,Y,1,2,2566,0,3884,3884,1.0,0.660659114315139,1,0,0,201700133,201700529,0,2566,2566,3884,0,3884,1.0,1
201700531,136,33,2,RIVERSIDE,2017,2017-11-07,Blythe,0,CITY COUNCIL,2,,Full,3,Bolliger,Mark A.,Health Technician,N,2,4,444,0,2838,2838,4.0,0.15644820295983086,2,0,0,201700135,201700531,0,444,444,2838,0,2838,4.0,2
201700532,136,33,2,RIVERSIDE,2017,2017-11-07,Blythe,0,CITY COUNCIL,2,,Full,3,De Coninck,"Joseph ""Joey""",Farmer/Businessman,Y,1,4,694,0,2838,2838,3.0,0.244538407329105,1,0,0,201700135,201700532,0,694,694,2838,0,2838,3.0,1
201700533,136,33,2,RIVERSIDE,2017,2017-11-07,Blythe,0,CITY COUNCIL,2,,Full,3,"Halby, lll",Joseph M.,Business Owner,N,2,4,783,0,2838,2838,2.0,0.2758985200845666,1,0,0,201700135,201700533,0,783,783,2838,0,2838,2.0,1
201700534,136,33,2,RIVERSIDE,2017,2017-11-07,Blythe,0,CITY COUNCIL,2,,Full,3,Rodriguez,Johnny,Sheriff's Lieutenant,N,2,4,917,0,2838,2838,1.0,0.32311486962649755,1,0,0,201700135,201700534,0,917,917,2838,0,2838,1.0,1
201700535,138,33,2,RIVERSIDE,2017,2017-11-07,Palm Springs,0,CITY COUNCIL,2,,Full,2,Deertrack,Judy,Land Use Consultant,N,2,6,2182,0,22752,22752,5.0,0.09590365682137834,2,0,0,201700137,201700535,0,2182,2182,22752,0,22752,5.0,2
201700536,138,33,2,RIVERSIDE,2017,2017-11-07,Palm Springs,0,CITY COUNCIL,2,,Full,2,Flood,Glenn,Retired Navy Commander,N,2,6,1006,0,22752,22752,6.0,0.04421589310829817,2,0,0,201700137,201700536,0,1006,1006,22752,0,22752,6.0,2
201700537,138,33,2,RIVERSIDE,2017,2017-11-07,Palm Springs,0,CITY COUNCIL,2,,Full,2,Hampton,Henry,Director Corporate Development,N,2,6,3005,0,22752,22752,3.0,0.13207630098452883,2,0,0,201700137,201700537,0,3005,3005,22752,0,22752,3.0,2
201700538,138,33,2,RIVERSIDE,2017,2017-11-07,Palm Springs,0,CITY COUNCIL,2,,Full,2,Holstege,Christy Gilbert,Attorney/Palm Springs Commissioner,N,2,6,6833,0,22752,22752,2.0,0.3003252461322082,1,0,0,201700137,201700538,0,6833,6833,22752,0,22752,2.0,1
201700539,138,33,2,RIVERSIDE,2017,2017-11-07,Palm Springs,0,CITY COUNCIL,2,,Full,2,Middleton,Lisa,Palm Springs Planning Commissioner,N,2,6,7042,0,22752,22752,1.0,0.3095112517580872,1,0,0,201700137,201700539,0,7042,7042,22752,0,22752,1.0,1
201700540,138,33,2,RIVERSIDE,2017,2017-11-07,Palm Springs,0,CITY COUNCIL,2,,Full,2,Stone,Robert Julian,Author/Journalist,N,2,6,2684,0,22752,22752,4.0,0.11796765119549929,2,0,0,201700137,201700540,0,2684,2684,22752,0,22752,4.0,2
201700542,139,41,2,SAN MATEO,2017,2017-11-07,Brisbane,0,CITY COUNCIL,2,,Full,3,Conway,W. Clarke,Incumbent,Y,1,6,669,0,3071,3071,1.0,0.21784435037447086,1,0,0,201700138,201700542,0,669,669,3071,0,3071,1.0,1
201700543,139,41,2,SAN MATEO,2017,2017-11-07,Brisbane,0,CITY COUNCIL,2,,Full,3,Cunningham,Karen,Small Business Owner,N,2,6,571,0,3071,3071,3.0,0.1859329208726799,1,0,0,201700138,201700543,0,571,571,3071,0,3071,3.0,1
201700544,139,41,2,SAN MATEO,2017,2017-11-07,Brisbane,0,CITY COUNCIL,2,,Full,3,Dillworth,Dana,Educator,N,2,6,427,0,3071,3071,5.0,0.13904265711494626,2,0,0,201700138,201700544,0,427,427,3071,0,3071,5.0,2
201700545,139,41,2,SAN MATEO,2017,2017-11-07,Brisbane,0,CITY COUNCIL,2,,Full,3,Lentz,Cliff,Incumbent,Y,1,6,621,0,3071,3071,2.0,0.2022142624552263,1,0,0,201700138,201700545,0,621,621,3071,0,3071,2.0,1
201700546,139,41,2,SAN MATEO,2017,2017-11-07,Brisbane,0,CITY COUNCIL,2,,Full,3,Munir,Jameel,Planning Commissioner,N,2,6,457,0,3071,3071,4.0,0.14881146206447413,2,0,0,201700138,201700546,0,457,457,3071,0,3071,4.0,2
201700547,139,41,2,SAN MATEO,2017,2017-11-07,Brisbane,0,CITY COUNCIL,2,,Full,3,Verreos,Tony,Insurance Broker/Agent,N,2,6,326,0,3071,3071,6.0,0.10615434711820254,2,0,0,201700138,201700547,0,326,326,3071,0,3071,6.0,2
201700548,140,41,2,SAN MATEO,2017,2017-11-07,Burlingame,0,CITY COUNCIL,2,,Full,3,Brownrigg,Michael,Vice Mayor/Investor,Y,1,4,3517,0,12239,12239,3.0,0.2873600784377809,1,0,0,201700139,201700548,0,3517,3517,12239,0,12239,3.0,1
201700549,140,41,2,SAN MATEO,2017,2017-11-07,Burlingame,0,CITY COUNCIL,2,,Full,3,Duncan,Steve,Assistant Retail Manager,N,2,4,1423,0,12239,12239,4.0,0.11626766892719993,2,0,0,201700139,201700549,0,1423,1423,12239,0,12239,4.0,2
201700550,140,41,2,SAN MATEO,2017,2017-11-07,Burlingame,0,CITY COUNCIL,2,,Full,3,Keighran,Ann,Councilmeber/Legislative Aid,Y,1,4,3654,0,12239,12239,1.0,0.29855380341531174,1,0,0,201700139,201700550,0,3654,3654,12239,0,12239,1.0,1
201700551,140,41,2,SAN MATEO,2017,2017-11-07,Burlingame,0,CITY COUNCIL,2,,Full,3,Ortiz,Ricardo,Incumbent,Y,1,4,3645,0,12239,12239,2.0,0.2978184492197075,1,0,0,201700139,201700551,0,3645,3645,12239,0,12239,2.0,1
201700552,141,41,2,SAN MATEO,2017,2017-11-07,San Bruno,0,CITY COUNCIL,2,,Full,2,Davis,Laura,Customer Service Partner,N,2,3,3617,0,8726,8726,1.0,0.4145083658033463,1,0,0,201700140,201700552,0,3617,3617,8726,0,8726,1.0,1
201700553,141,41,2,SAN MATEO,2017,2017-11-07,San Bruno,0,CITY COUNCIL,2,,Full,2,Durazo,Marco,Non-Profit Management,N,2,3,2098,0,8726,8726,3.0,0.24043089617235847,2,0,0,201700140,201700553,0,2098,2098,8726,0,8726,3.0,2
201700554,141,41,2,SAN MATEO,2017,2017-11-07,San Bruno,0,CITY COUNCIL,2,,Full,2,Salazar,Michael,IT Manager,N,2,3,3011,0,8726,8726,2.0,0.3450607380242952,1,0,0,201700140,201700554,0,3011,3011,8726,0,8726,2.0,1
201700555,143,41,2,SAN MATEO,2017,2017-11-07,San Mateo,0,CITY COUNCIL,2,,Full,3,Bonilla,Rick,Incumbent,Y,1,7,6376,0,31358,31358,2.0,0.203329293960074,1,0,0,201700142,201700555,0,6376,6376,31358,0,31358,2.0,1
201700556,143,41,2,SAN MATEO,2017,2017-11-07,San Mateo,0,CITY COUNCIL,2,,Full,3,Bonini,Chelsea,School Board President,N,2,7,5347,0,31358,31358,4.0,0.17051470119267811,2,0,0,201700142,201700556,0,5347,5347,31358,0,31358,4.0,2
201700557,143,41,2,SAN MATEO,2017,2017-11-07,San Mateo,0,CITY COUNCIL,2,,Full,3,De Paula,Mark,Retired Businessman,N,2,7,1143,0,31358,31358,7.0,0.03645002870081,2,0,0,201700142,201700557,0,1143,1143,31358,0,31358,7.0,2
201700558,143,41,2,SAN MATEO,2017,2017-11-07,San Mateo,0,CITY COUNCIL,2,,Full,3,Drechsler,Charlie,Arborist/Planning Commissioner,N,2,7,2894,0,31358,31358,5.0,0.0922890490464953,2,0,0,201700142,201700558,0,2894,2894,31358,0,31358,5.0,2
201700559,143,41,2,SAN MATEO,2017,2017-11-07,San Mateo,0,CITY COUNCIL,2,,Full,3,Goethals,Joe,Council Member,Y,1,7,7018,0,31358,31358,1.0,0.2238025384271956,1,0,0,201700142,201700559,0,7018,7018,31358,0,31358,1.0,1
201700560,143,41,2,SAN MATEO,2017,2017-11-07,San Mateo,0,CITY COUNCIL,2,,Full,3,"Newsom, Jr.",Robert G.,Businessperson/Parent,N,2,7,2314,0,31358,31358,6.0,0.07379297149052873,2,0,0,201700142,201700560,0,2314,2314,31358,0,31358,6.0,2
201700561,143,41,2,SAN MATEO,2017,2017-11-07,San Mateo,0,CITY COUNCIL,2,,Full,3,Rodriguez,Eric,Education Technology CEO,N,2,7,6266,0,31358,31358,3.0,0.19982141718221824,1,0,0,201700142,201700561,0,6266,6266,31358,0,31358,3.0,1
201700564,144,42,2,SANTA BARBARA,2017,2017-11-07,Santa Barbara,0,CITY COUNCIL,2,4,Full,1,Higgins,Jay D.,"Chairman, Planning Commission",N,2,3,2264,0,6295,6295,2.0,0.3596505162827641,2,0,0,201700143,201700564,0,2264,2264,6295,0,6295,2.0,2
201700565,144,42,2,SANTA BARBARA,2017,2017-11-07,Santa Barbara,0,CITY COUNCIL,2,4,Full,1,Scafide,James,Business Attorney/Educator,N,2,3,795,0,6295,6295,3.0,0.12629070691024621,2,0,0,201700143,201700565,0,795,795,6295,0,6295,3.0,2
201700566,144,42,2,SANTA BARBARA,2017,2017-11-07,Santa Barbara,0,CITY COUNCIL,2,4,Full,1,Sneddon,Kristen,Professor/Scientist/Businesswoman,N,2,3,3236,0,6295,6295,1.0,0.5140587768069896,1,0,0,201700143,201700566,0,3236,3236,6295,0,6295,1.0,1
201700567,145,42,2,SANTA BARBARA,2017,2017-11-07,Santa Barbara,0,CITY COUNCIL,2,5,Full,1,Friedman,Eric,"Boardmember, Library Foundation",N,2,2,2700,0,4798,4798,1.0,0.5627344726969571,1,0,0,201700144,201700567,0,2700,2700,4798,0,4798,1.0,1
201700568,145,42,2,SANTA BARBARA,2017,2017-11-07,Santa Barbara,0,CITY COUNCIL,2,5,Full,1,McGrew,Warner R.,Retired Fire Chief,N,2,2,2098,0,4798,4798,2.0,0.4372655273030429,2,0,0,201700144,201700568,0,2098,2098,4798,0,4798,2.0,2
201700569,146,42,2,SANTA BARBARA,2017,2017-11-07,Santa Barbara,0,CITY COUNCIL,2,6,Full,1,Hart,Gregg,City Councilmember,Y,1,3,1815,0,3271,3271,1.0,0.5548761846530114,1,0,0,201700145,201700569,0,1815,1815,3271,0,3271,1.0,1
201700570,146,42,2,SANTA BARBARA,2017,2017-11-07,Santa Barbara,0,CITY COUNCIL,2,6,Full,1,Solis,Aaron,Teacher/Educator/Coach,N,2,3,502,0,3271,3271,3.0,0.15346988688474472,2,0,0,201700145,201700570,0,502,502,3271,0,3271,3.0,2
201700571,146,42,2,SANTA BARBARA,2017,2017-11-07,Santa Barbara,0,CITY COUNCIL,2,6,Full,1,Ucciferri,Jack,Entrepreneur,N,2,3,954,0,3271,3271,2.0,0.29165392846224397,2,0,0,201700145,201700571,0,954,954,3271,0,3271,2.0,2
201700577,148,47,2,SISKIYOU,2017,2017-11-07,Fort Jones,0,CITY COUNCIL,2,,Short,1,Flynn,Chris R.,Business Owner,N,2,3,52,0,133,133,1.0,0.39097744360902253,1,1,0,201700147,201700577,0,52,52,133,0,133,1.0,1
201700578,148,47,2,SISKIYOU,2017,2017-11-07,Fort Jones,0,CITY COUNCIL,2,,Short,1,Gepford,Mark A.,No Ballot Designation,N,2,3,50,0,133,133,2.0,0.37593984962406013,2,1,0,201700147,201700578,0,50,50,133,0,133,2.0,2
201700579,148,47,2,SISKIYOU,2017,2017-11-07,Fort Jones,0,CITY COUNCIL,2,,Short,1,Morgan,Julie,No Ballot Designation,N,2,3,31,0,133,133,3.0,0.23308270676691728,2,0,0,201700147,201700579,0,31,31,133,0,133,3.0,2
201700580,149,49,2,SONOMA,2017,2017-06-06,Healdsburg,0,CITY COUNCIL,2,,Full,1,Fabian,Rosie,Care Provider,N,2,4,51,17,2941,2958,4.0,0.01724137931034483,2,0,0,201700148,201700580,0,51,51,2941,17,2958,4.0,2
201700581,149,49,2,SONOMA,2017,2017-06-06,Healdsburg,0,CITY COUNCIL,2,,Full,1,Gold,Leah,Educational Consultant,N,2,4,1590,17,2941,2958,1.0,0.537525354969574,1,0,0,201700148,201700581,0,1590,1590,2941,17,2958,1.0,1
201700582,149,49,2,SONOMA,2017,2017-06-06,Healdsburg,0,CITY COUNCIL,2,,Full,1,Plass,Gary W.,Appointed City Councilmember,N,2,4,982,17,2941,2958,2.0,0.33198106828938473,2,0,0,201700148,201700582,0,982,982,2941,17,2958,2.0,2
201700583,149,49,2,SONOMA,2017,2017-06-06,Healdsburg,0,CITY COUNCIL,2,,Full,1,Whisney,Erica,Educator/Behavior Analyst,N,2,4,318,17,2941,2958,3.0,0.1075050709939148,2,0,0,201700148,201700583,0,318,318,2941,17,2958,3.0,2
201700584,150,50,2,STANISLAUS,2017,2017-11-07,Modesto,0,CITY COUNCIL,2,2,Full,1,Madrigal,Tony,Modesto City Councilmember,Y,1,3,1405,17,2023,2040,1.0,0.6887254901960784,1,0,0,201700149,201700584,0,1405,1405,2023,17,2040,1.0,1
201700585,150,50,2,STANISLAUS,2017,2017-11-07,Modesto,0,CITY COUNCIL,2,2,Full,1,Mejia,Homero,Non-profit Director,N,2,3,511,17,2023,2040,2.0,0.25049019607843137,2,0,0,201700149,201700585,0,511,511,2023,17,2040,2.0,2
201700586,150,50,2,STANISLAUS,2017,2017-11-07,Modesto,0,CITY COUNCIL,2,2,Full,1,Rodriguez,Jon,Community College Trustee,N,2,3,107,17,2023,2040,3.0,0.05245098039215686,2,0,0,201700149,201700586,0,107,107,2023,17,2040,3.0,2
201700587,151,50,2,STANISLAUS,2017,2017-11-07,Modesto,0,CITY COUNCIL,2,4,Full,1,Ray,Tyler,Realtor,N,2,2,841,27,4108,4135,2.0,0.2033857315598549,2,0,0,201700150,201700587,0,841,841,4108,27,4135,2.0,2
201700588,151,50,2,STANISLAUS,2017,2017-11-07,Modesto,0,CITY COUNCIL,2,4,Full,1,Zoslocki,Bill,Councilmember/Small Businessman,Y,1,2,3267,27,4108,4135,1.0,0.7900846432889964,1,0,0,201700150,201700588,0,3267,3267,4108,27,4135,1.0,1
201700589,152,50,2,STANISLAUS,2017,2017-11-07,Modesto,0,CITY COUNCIL,2,5,Full,1,Day,Joseph P.,Principal Bioinformatics Scientist,N,2,2,1585,31,4596,4627,2.0,0.3425545709963259,2,0,0,201700151,201700589,0,1585,1585,4596,31,4627,2.0,2
201700590,152,50,2,STANISLAUS,2017,2017-11-07,Modesto,0,CITY COUNCIL,2,5,Full,1,Kenoyer,Jenny,Councilmember,Y,1,2,3011,31,4596,4627,1.0,0.650745623514156,1,0,0,201700151,201700590,0,3011,3011,4596,31,4627,1.0,1
201700102,23,19,2,LOS ANGELES,2017,2017-02-28,Burbank,0,CITY TREASURER,6,,Full,1,Kukta,Debbie,Incumbent,Y,1,1,7972,0,7972,7972,1.0,1.0,1,0,0,201700023,201700102,0,7972,7972,7972,0,7972,1.0,1
201700334,39,19,2,LOS ANGELES,2017,2017-03-07,Gardena,0,CITY TREASURER,6,,Full,1,Evans,"Kathleen ""Suzy""",Business Owner,N,2,2,1888,0,5590,5590,2.0,0.3377459749552773,2,0,0,201700039,201700334,0,1888,1888,5590,0,5590,2.0,2
201700335,39,19,2,LOS ANGELES,2017,2017-03-07,Gardena,0,CITY TREASURER,6,,Full,1,Tuskiyama,J. Ingrid,Treasurer Incumbent,Y,1,2,3702,0,5590,5590,1.0,0.6622540250447227,1,0,0,201700039,201700335,0,3702,3702,5590,0,5590,1.0,1
201700336,68,19,2,LOS ANGELES,2017,2017-03-07,Palos Verdes,0,CITY TREASURER,6,,Short,1,Lozzi,Victoria A.,Corporate Banker,N,2,3,1991,0,3264,3264,1.0,0.6099877450980392,1,0,0,201700068,201700336,0,1991,1991,3264,0,3264,1.0,1
201700337,68,19,2,LOS ANGELES,2017,2017-03-07,Palos Verdes,0,CITY TREASURER,6,,Short,1,Nyman,Jim,Businessman,N,2,3,532,0,3264,3264,3.0,0.16299019607843138,2,0,0,201700068,201700337,0,532,532,3264,0,3264,3.0,2
201700338,68,19,2,LOS ANGELES,2017,2017-03-07,Palos Verdes,0,CITY TREASURER,6,,Short,1,Rea,John,Appointed City Councilmember,N,2,3,741,0,3264,3264,2.0,0.2270220588235294,2,0,0,201700068,201700338,0,741,741,3264,0,3264,2.0,2
201700339,89,19,2,LOS ANGELES,2017,2017-03-07,South Gate,0,CITY TREASURER,6,,Full,1,Lopez,Sonia,Field Representative,N,2,3,1394,0,4555,4555,2.0,0.30603732162458835,2,1,0,201700089,201700339,0,1394,1394,4555,0,4555,2.0,2
201700340,89,19,2,LOS ANGELES,2017,2017-03-07,South Gate,0,CITY TREASURER,6,,Full,1,Martinez,Greg,Appointed City Treasurer,Y,1,3,2188,0,4555,4555,1.0,0.48035126234906694,1,1,0,201700089,201700340,0,2188,2188,4555,0,4555,1.0,1
201700341,89,19,2,LOS ANGELES,2017,2017-03-07,South Gate,0,CITY TREASURER,6,,Full,1,Morales,Miguel,Engineering Data Author,N,2,3,973,0,4555,4555,3.0,0.21361141602634467,2,0,0,201700089,201700341,0,973,973,4555,0,4555,3.0,2
201700342,26,19,2,LOS ANGELES,2017,2017-03-07,Azusa,0,CITY TREASURER,6,,Full,1,"Vasquez, Jr.",Arthur M.,City Clerk,N,2,1,2790,0,2790,2790,1.0,1.0,1,0,0,201700026,201700342,0,2790,2790,2790,0,2790,1.0,1
201700343,31,19,2,LOS ANGELES,2017,2017-03-07,Beverly Hills,0,CITY TREASURER,6,,Full,1,Fisher,Howard S.,Tax Attorney/Commissioner,N,2,1,2244,0,2244,2244,1.0,1.0,1,0,0,201700031,201700343,0,2244,2244,2244,0,2244,1.0,1
201700344,35,19,2,LOS ANGELES,2017,2017-03-07,Covina,0,CITY TREASURER,6,,Full,1,Cobbett,Geoffrey,City Treasurer,Y,1,1,2763,0,2763,2763,1.0,1.0,1,0,0,201700035,201700344,0,2763,2763,2763,0,2763,1.0,1
201700345,61,19,2,LOS ANGELES,2017,2017-03-07,Manhattan Beach,0,CITY TREASURER,6,,Full,1,Lilligren,Tim,City Treasurer/CPA,Y,1,1,3898,0,3898,3898,1.0,1.0,1,0,0,201700061,201700345,0,3898,3898,3898,0,3898,1.0,1
201700346,64,19,2,LOS ANGELES,2017,2017-03-07,Monterey Park,0,CITY TREASURER,6,,Full,1,Leon,Joseph,City Treasurer,Y,1,1,3667,0,3667,3667,1.0,1.0,1,0,0,201700064,201700346,0,3667,3667,3667,0,3667,1.0,1
201700347,81,19,2,LOS ANGELES,2017,2017-03-07,San Fernando,0,CITY TREASURER,6,,Full,1,Solis,Margarita,Vice Mayor/Attorney,Y,1,1,1130,0,1130,1130,1.0,1.0,1,0,0,201700081,201700347,0,1130,1130,1130,0,1130,1.0,1
201700348,84,19,2,LOS ANGELES,2017,2017-03-07,San Gabriel,0,CITY TREASURER,6,,Full,1,Sawkins,Kevin B.,Vice Mayor,Y,1,1,2682,0,2682,2682,1.0,1.0,1,0,0,201700084,201700348,0,2682,2682,2682,0,2682,1.0,1
201700396,94,19,2,LOS ANGELES,2017,2017-04-04,Glendale,0,CITY TREASURER,6,,Full,1,Manoukian,Rafi,Glendale City Treasurer,Y,1,1,14703,0,14703,14703,1.0,1.0,1,0,0,201700093,201700396,0,14703,14703,14703,0,14703,1.0,1
201700413,101,19,2,LOS ANGELES,2017,2017-04-11,Monrovia,0,CITY TREASURER,6,,Full,1,Baker,Stephen R.,City Treasurer,Y,1,1,2165,0,2165,2165,1.0,1.0,1,0,0,201700100,201700413,0,2165,2165,2165,0,2165,1.0,1
201700431,108,19,2,LOS ANGELES,2017,2017-04-18,Compton,0,CITY TREASURER,6,,Full,1,Davis,Jenise,"Office Worker, CUSD",N,2,3,1353,54,6431,6485,3.0,0.20863531225905937,2,0,0,201700107,201700431,0,1353,1353,6431,54,6485,3.0,2
201700432,108,19,2,LOS ANGELES,2017,2017-04-18,Compton,0,CITY TREASURER,6,,Full,1,Jackson,"Jasper ""Jay""",Accountant,N,2,3,2113,54,6431,6485,2.0,0.3258288357748651,3,1,1,201700107,201700432,0,2113,2113,6431,54,6485,2.0,3
201700433,108,19,2,LOS ANGELES,2017,2017-04-18,Compton,0,CITY TREASURER,6,,Full,1,Sanders,Douglas,City Treasurer,Y,1,3,2965,54,6431,6485,1.0,0.4572089437162683,3,1,1,201700107,201700433,0,2965,2965,6431,54,6485,1.0,3
201700459,116,19,2,LOS ANGELES,2017,2017-06-06,Compton,0,CITY TREASURER,6,,Full,1,Jackson,"Jasper ""Jay""",Accountant,N,2,2,2422,0,5264,5264,2.0,0.4601063829787234,2,0,0,201700115,201700459,0,2422,2422,5264,0,5264,2.0,2
201700460,116,19,2,LOS ANGELES,2017,2017-06-06,Compton,0,CITY TREASURER,6,,Full,1,Sanders,Douglas,City Treasurer,Y,1,2,2842,0,5264,5264,1.0,0.5398936170212766,1,0,0,201700115,201700460,0,2842,2842,5264,0,5264,1.0,1
201700541,137,33,2,RIVERSIDE,2017,2017-11-07,Blythe,0,CITY TREASURER,6,,Full,1,Elms,Christa Marie,Treasurer,Y,1,1,1017,0,1017,1017,1.0,1.0,1,0,0,201700136,201700541,0,1017,1017,1017,0,1017,1.0,1
201700349,27,19,2,LOS ANGELES,2017,2017-03-07,Azusa,0,MAYOR,6,,Full,1,Macias,Uriel E.,Councilmember/Financial Officer,N,2,3,958,0,3327,3327,2.0,0.28794709948902913,2,0,0,201700027,201700349,0,958,958,3327,0,3327,2.0,2
201700350,27,19,2,LOS ANGELES,2017,2017-03-07,Azusa,0,MAYOR,6,,Full,1,Rentschler,Russell B.,Pest Control,N,2,3,447,0,3327,3327,3.0,0.13435527502254282,2,0,0,201700027,201700350,0,447,447,3327,0,3327,3.0,2
201700351,27,19,2,LOS ANGELES,2017,2017-03-07,Azusa,0,MAYOR,6,,Full,1,Romero,Joseph R.,Mayor,Y,1,3,1922,0,3327,3327,1.0,0.5776976254884281,1,0,0,201700027,201700351,0,1922,1922,3327,0,3327,1.0,1
201700352,40,19,2,LOS ANGELES,2017,2017-03-07,Gardena,0,MAYOR,6,,Full,1,Cerda,Tasha,City Councilmember,N,2,7,1317,0,6262,6262,1.0,0.21031619290961354,1,1,0,201700040,201700352,0,1317,1317,6262,0,6262,1.0,1
201700353,40,19,2,LOS ANGELES,2017,2017-03-07,Gardena,0,MAYOR,6,,Full,1,Henderson,Mark E.,Mayor Pro Tem,Y,1,7,1198,0,6262,6262,3.0,0.19131267965506227,2,0,0,201700040,201700353,0,1198,1198,6262,0,6262,3.0,2
201700354,40,19,2,LOS ANGELES,2017,2017-03-07,Gardena,0,MAYOR,6,,Full,1,Ikejiri,Ronald K.,Attorney at Law,N,2,7,652,0,6262,6262,6.0,0.10412008942829767,2,0,0,201700040,201700354,0,652,652,6262,0,6262,6.0,2
201700355,40,19,2,LOS ANGELES,2017,2017-03-07,Gardena,0,MAYOR,6,,Full,1,Johnson,Rachel C.,Educator/Retired City Councilmember,N,2,7,1245,0,6262,6262,2.0,0.19881826892366655,2,1,0,201700040,201700355,0,1245,1245,6262,0,6262,2.0,2
201700356,40,19,2,LOS ANGELES,2017,2017-03-07,Gardena,0,MAYOR,6,,Full,1,Kronberger,Warren,Compressor Mechanic Supervisor,N,2,7,102,0,6262,6262,7.0,0.01628872564675822,2,0,0,201700040,201700356,0,102,102,6262,0,6262,7.0,2
201700357,40,19,2,LOS ANGELES,2017,2017-03-07,Gardena,0,MAYOR,6,,Full,1,Medina,"Daniel ""Dan""",Gardena City Councilman,N,2,7,835,0,6262,6262,5.0,0.13334397955924623,2,0,0,201700040,201700357,0,835,835,6262,0,6262,5.0,2
201700358,40,19,2,LOS ANGELES,2017,2017-03-07,Gardena,0,MAYOR,6,,Full,1,Terauchi,"Terrence ""Terry""",Criminal Prosecutor/Councilman,N,2,7,913,0,6262,6262,4.0,0.14580006387735547,2,0,0,201700040,201700358,0,913,913,6262,0,6262,4.0,2
201700359,47,19,2,LOS ANGELES,2017,2017-03-07,La Verne,0,MAYOR,6,,Full,1,Hepburn,Tim,City Council/Businessman,N,2,2,3191,0,6389,6389,2.0,0.499452183440288,2,0,0,201700047,201700359,0,3191,3191,6389,0,6389,2.0,2
201700360,47,19,2,LOS ANGELES,2017,2017-03-07,La Verne,0,MAYOR,6,,Full,1,Kendrick,Don,Mayor,Y,1,2,3198,0,6389,6389,1.0,0.500547816559712,1,0,0,201700047,201700360,0,3198,3198,6389,0,6389,1.0,1
201700361,59,19,2,LOS ANGELES,2017,2017-03-07,Los Angeles,0,MAYOR,6,,Full,1,Amori,Paul E.,Creative Artist,N,2,11,2231,0,407147,407147,11.0,0.00547959336554119,2,0,0,201700059,201700361,0,2231,2231,407147,0,407147,11.0,2
201700362,59,19,2,LOS ANGELES,2017,2017-03-07,Los Angeles,0,MAYOR,6,,Full,1,Draiman,Y.J. J.,Neighborhood Council Boardmember,N,2,11,3705,0,407147,407147,7.0,0.00909990740445097,2,0,0,201700059,201700362,0,3705,3705,407147,0,407147,7.0,2
201700363,59,19,2,LOS ANGELES,2017,2017-03-07,Los Angeles,0,MAYOR,6,,Full,1,Garcetti,Eric,Los Angeles Mayor,Y,1,11,331310,0,407147,407147,1.0,0.8137355795326995,1,0,0,201700059,201700363,0,331310,331310,407147,0,407147,1.0,1
201700364,59,19,2,LOS ANGELES,2017,2017-03-07,Los Angeles,0,MAYOR,6,,Full,1,Harman,"Diane ""Pinky""",Retired Educator/Actor,N,2,11,5115,0,407147,407147,4.0,0.01256303006039588,2,0,0,201700059,201700364,0,5115,5115,407147,0,407147,4.0,2
201700365,59,19,2,LOS ANGELES,2017,2017-03-07,Los Angeles,0,MAYOR,6,,Full,1,Hernandez,David,Community Advocate,N,2,11,13346,0,407147,407147,3.0,0.03277931557889411,2,0,0,201700059,201700365,0,13346,13346,407147,0,407147,3.0,2
201700366,59,19,2,LOS ANGELES,2017,2017-03-07,Los Angeles,0,MAYOR,6,,Full,1,Kremer,Yuval,Math Educator/Activist,N,2,11,2436,0,407147,407147,10.0,0.00598309701410056,2,0,0,201700059,201700366,0,2436,2436,407147,0,407147,10.0,2
201700367,59,19,2,LOS ANGELES,2017,2017-03-07,Los Angeles,0,MAYOR,6,,Full,1,Pierre,Frantz,Community Activist,N,2,11,3386,0,407147,407147,8.0,0.00831640660498542,2,0,0,201700059,201700367,0,3386,3386,407147,0,407147,8.0,2
201700368,59,19,2,LOS ANGELES,2017,2017-03-07,Los Angeles,0,MAYOR,6,,Full,1,Preven,Eric,Writer/Producer,N,2,11,3023,0,407147,407147,9.0,0.00742483672973152,2,0,0,201700059,201700368,0,3023,3023,407147,0,407147,9.0,2
201700369,59,19,2,LOS ANGELES,2017,2017-03-07,Los Angeles,0,MAYOR,6,,Full,1,Richter,Dennis,Factory Worker,N,2,11,4558,0,407147,407147,6.0,0.0111949738055297,2,0,0,201700059,201700369,0,4558,4558,407147,0,407147,6.0,2
201700370,59,19,2,LOS ANGELES,2017,2017-03-07,Los Angeles,0,MAYOR,6,,Full,1,Saltsburg,"David ""Zuma Dogg""",Community Activist,N,2,11,4809,0,407147,407147,5.0,0.01181145876059507,2,0,0,201700059,201700370,0,4809,4809,407147,0,407147,5.0,2
201700371,59,19,2,LOS ANGELES,2017,2017-03-07,Los Angeles,0,MAYOR,6,,Full,1,Schwartz,Mitchell Jack,Small Businessperson,N,2,11,33228,0,407147,407147,2.0,0.08161180114307609,2,0,0,201700059,201700371,0,33228,33228,407147,0,407147,2.0,2
201700372,77,19,2,LOS ANGELES,2017,2017-03-07,Redondo Beach,0,MAYOR,6,,Full,1,Aspel,Steve,Redondo Beach Mayor,Y,1,5,7038,0,15939,15939,2.0,0.44155844155844154,2,0,0,201700077,201700372,0,7038,7038,15939,0,15939,2.0,2
201700373,77,19,2,LOS ANGELES,2017,2017-03-07,Redondo Beach,0,MAYOR,6,,Full,1,Brand,Bill,Redondo Beach Councilmember,N,2,5,8232,0,15939,15939,1.0,0.5164690382081687,1,0,0,201700077,201700373,0,8232,8232,15939,0,15939,1.0,1
201700374,77,19,2,LOS ANGELES,2017,2017-03-07,Redondo Beach,0,MAYOR,6,,Full,1,Coleman,Eric J.,Teacher,N,2,5,294,0,15939,15939,3.0,0.01844532279314888,2,0,0,201700077,201700374,0,294,294,15939,0,15939,3.0,2
201700375,77,19,2,LOS ANGELES,2017,2017-03-07,Redondo Beach,0,MAYOR,6,,Full,1,Mowatt,Christopher,Senior Paralegal,N,2,5,115,0,15939,15939,5.0,0.00721500721500722,2,0,0,201700077,201700375,0,115,115,15939,0,15939,5.0,2
201700376,77,19,2,LOS ANGELES,2017,2017-03-07,Redondo Beach,0,MAYOR,6,,Full,1,Sachs,Michael Ian,Retired Environmental Technician,N,2,5,260,0,15939,15939,4.0,0.0163121902252337,2,0,0,201700077,201700376,0,260,260,15939,0,15939,4.0,2
201700377,86,19,2,LOS ANGELES,2017,2017-03-07,South El Monte,0,MAYOR,6,,Short,1,Gonzales,Joseph J.,City Councilman/Businessman,Y,1,2,617,0,1398,1398,2.0,0.4413447782546495,2,0,0,201700086,201700377,0,617,617,1398,0,1398,2.0,2
201700378,86,19,2,LOS ANGELES,2017,2017-03-07,South El Monte,0,MAYOR,6,,Short,1,Olmos,Gloria,Mayor Pro Tem,N,2,2,781,0,1398,1398,1.0,0.5586552217453505,1,0,0,201700086,201700378,0,781,781,1398,0,1398,1.0,1
201700379,79,19,2,LOS ANGELES,2017,2017-03-07,San Dimas,0,MAYOR,6,,Full,1,Morris,"Curtis W,",Incumbent,Y,1,1,2920,0,2920,2920,1.0,1.0,1,0,0,201700079,201700379,0,2920,2920,2920,0,2920,1.0,1
201700414,102,19,2,LOS ANGELES,2017,2017-04-11,Monrovia,0,MAYOR,6,,Full,1,Adams,Tom,Mayor,Y,1,2,1941,0,2304,2304,1.0,0.8424479166666666,1,0,0,201700101,201700414,0,1941,1941,2304,0,2304,1.0,1
201700415,102,19,2,LOS ANGELES,2017,2017-04-11,Monrovia,0,MAYOR,6,,Full,1,Harris,Mark,Radio Show Host,N,2,2,363,0,2304,2304,2.0,0.15755208333333334,2,0,0,201700101,201700415,0,363,363,2304,0,2304,2.0,2
201700434,109,19,2,LOS ANGELES,2017,2017-04-18,Compton,0,MAYOR,6,,Full,1,Boone,Lynn Rodgers,Community Development Consultant,N,2,6,360,9,6887,6896,5.0,0.05220417633410673,2,0,0,201700108,201700434,0,360,360,6887,9,6896,5.0,2
201700435,109,19,2,LOS ANGELES,2017,2017-04-18,Compton,0,MAYOR,6,,Full,1,Bradley,Omar,Author,N,2,6,1895,9,6887,6896,2.0,0.2747969837587007,3,1,1,201700108,201700435,0,1895,1895,6887,9,6896,2.0,3
201700436,109,19,2,LOS ANGELES,2017,2017-04-18,Compton,0,MAYOR,6,,Full,1,Brown,Aja,Mayor/Community Developer,Y,1,6,3248,9,6887,6896,1.0,0.4709976798143852,3,1,1,201700108,201700436,0,3248,3248,6887,9,6896,1.0,3
201700437,109,19,2,LOS ANGELES,2017,2017-04-18,Compton,0,MAYOR,6,,Full,1,Green,"Ernest ""Scooby""",Businessman,N,2,6,291,9,6887,6896,6.0,0.0421983758700696,2,0,0,201700108,201700437,0,291,291,6887,9,6896,6.0,2
201700438,109,19,2,LOS ANGELES,2017,2017-04-18,Compton,0,MAYOR,6,,Full,1,Hays,James,Businessman,N,2,6,725,9,6887,6896,3.0,0.10513341067285382,2,0,0,201700108,201700438,0,725,725,6887,9,6896,3.0,2
201700439,109,19,2,LOS ANGELES,2017,2017-04-18,Compton,0,MAYOR,6,,Full,1,Parker,Bryan O.,Victim Services Representative,N,2,6,368,9,6887,6896,4.0,0.05336426914153132,2,0,0,201700108,201700439,0,368,368,6887,9,6896,4.0,2
201700461,117,19,2,LOS ANGELES,2017,2017-06-06,Compton,0,MAYOR,6,,Full,1,Bradley,Omar,Author,N,2,2,2209,0,5548,5548,2.0,0.39816149963950975,2,0,0,201700116,201700461,0,2209,2209,5548,0,5548,2.0,2
201700462,117,19,2,LOS ANGELES,2017,2017-06-06,Compton,0,MAYOR,6,,Full,1,Brown,Aja,Mayor/Community Developer,Y,1,2,3339,0,5548,5548,1.0,0.6018385003604902,1,0,0,201700116,201700462,0,3339,3339,5548,0,5548,1.0,1
201700562,142,41,2,SAN MATEO,2017,2017-11-07,San Bruno,0,MAYOR,6,,Full,1,Medina,Rico E.,City Councilmember/Manager,Y,1,2,4497,0,5143,5143,1.0,0.8743923779895003,1,0,0,201700141,201700562,0,4497,4497,5143,0,5143,1.0,1
201700563,142,41,2,SAN MATEO,2017,2017-11-07,San Bruno,0,MAYOR,6,,Full,1,Zink,Annette,Property Manager,N,2,2,646,0,5143,5143,2.0,0.12560762201049971,2,0,0,201700141,201700563,0,646,646,5143,0,5143,2.0,2
201700572,147,42,2,SANTA BARBARA,2017,2017-11-07,Santa Barbara,0,MAYOR,6,,Full,1,Conklin,Hal,Retired Environmental Executive,N,2,5,4891,0,24250,24250,3.0,0.20169072164948454,2,0,0,201700146,201700572,0,4891,4891,24250,0,24250,3.0,2
201700573,147,42,2,SANTA BARBARA,2017,2017-11-07,Santa Barbara,0,MAYOR,6,,Full,1,Hotchkiss,Frank,City Councilmember/Businessman,N,2,5,5025,0,24250,24250,2.0,0.20721649484536084,2,1,0,201700146,201700573,0,5025,5025,24250,0,24250,2.0,2
201700574,147,42,2,SANTA BARBARA,2017,2017-11-07,Santa Barbara,0,MAYOR,6,,Full,1,Martinez,Angel R.,Retired CEO,N,2,5,4779,0,24250,24250,4.0,0.19707216494845362,2,0,0,201700146,201700574,0,4779,4779,24250,0,24250,4.0,2
201700575,147,42,2,SANTA BARBARA,2017,2017-11-07,Santa Barbara,0,MAYOR,6,,Full,1,Murillo,Cathy,City Councilmember,N,2,5,6881,0,24250,24250,1.0,0.28375257731958764,1,1,0,201700146,201700575,0,6881,6881,24250,0,24250,1.0,1
201700576,147,42,2,SANTA BARBARA,2017,2017-11-07,Santa Barbara,0,MAYOR,6,,Full,1,White,Bendy,City Councilmember,N,2,5,2674,0,24250,24250,5.0,0.1102680412371134,2,0,0,201700146,201700576,0,2674,2674,24250,0,24250,5.0,2
201700517,130,27,2,MONTEREY,2017,2017-01-24,Greenfield,0,MAYOR-R,6,1,Short,1,Oliveragarcia,Jesus,Education/Teacher,N,2,2,658,0,966,966,1.0,0.6811594202898551,1,0,0,201700129,201700517,0,658,658,966,0,966,1.0,1
201700518,130,27,2,MONTEREY,2017,2017-01-24,Greenfield,0,MAYOR-R,6,1,Short,1,Santibanez,Leah,Greenfield Councilwoman/Businesswoman,N,2,2,308,0,966,966,2.0,0.3188405797101449,2,0,0,201700129,201700518,0,308,308,966,0,966,2.0,2
201700591,153,12,3,HUMBOLDT,2017,2017-11-07,College of the Redwoods,0,SCHOOL BOARD MEMBER,3,1,Full,1,Coppini,Tracy D.,Incumbent,Y,1,2,1203,0,2824,2824,2.0,0.4259915014164306,2,0,0,201700152,201700591,0,1203,1203,2824,0,2824,2.0,2
201700592,153,12,3,HUMBOLDT,2017,2017-11-07,College of the Redwoods,0,SCHOOL BOARD MEMBER,3,1,Full,1,Deister,Bonnie,Educator/Nurse,N,2,2,1621,0,2824,2824,1.0,0.5740084985835694,1,0,0,201700152,201700592,0,1621,1621,2824,0,2824,1.0,1
201700593,154,12,3,HUMBOLDT,2017,2017-11-07,College of the Redwoods,0,SCHOOL BOARD MEMBER,3,2,Full,1,Kelley,Dan,Chief Executive Officer,N,2,2,1403,0,2483,2483,1.0,0.5650422875553766,1,0,0,201700153,201700593,0,1403,1403,2483,0,2483,1.0,1
201700594,154,12,3,HUMBOLDT,2017,2017-11-07,College of the Redwoods,0,SCHOOL BOARD MEMBER,3,2,Full,1,Ross,Thomas,Incumbent,Y,1,2,1080,0,2483,2483,2.0,0.43495771244462345,2,0,0,201700153,201700594,0,1080,1080,2483,0,2483,2.0,2
201700595,155,12,3,HUMBOLDT,2017,2017-11-07,Klamath-Trinity Joint Unified,0,SCHOOL BOARD MEMBER,3,6,Full,1,Kelley,Patti,Retired,N,2,2,21,0,35,35,1.0,0.6,1,0,0,201700154,201700595,0,21,21,35,0,35,1.0,1
201700596,155,12,3,HUMBOLDT,2017,2017-11-07,Klamath-Trinity Joint Unified,0,SCHOOL BOARD MEMBER,3,6,Full,1,Wild,Rob,Incumbent,Y,1,2,14,0,35,35,2.0,0.4,2,0,0,201700154,201700596,0,14,14,35,0,35,2.0,2
201700597,156,13,3,IMPERIAL,2017,2017-11-07,Imperial County Office of Education,0,SCHOOL BOARD MEMBER,3,1,Full,1,Gonzalez-Buttner,Annette,"Member, Imperial County Board of Education, Trustee Area 1",Y,1,2,914,0,1615,1615,1.0,0.5659442724458205,1,0,0,201700155,201700597,0,914,914,1615,0,1615,1.0,1
201700598,156,13,3,IMPERIAL,2017,2017-11-07,Imperial County Office of Education,0,SCHOOL BOARD MEMBER,3,1,Full,1,Rodriguez,Cesar R.,Businessman,N,2,2,701,0,1615,1615,2.0,0.4340557275541796,2,0,0,201700155,201700598,0,701,701,1615,0,1615,2.0,2
201700599,157,13,3,IMPERIAL,2017,2017-11-07,San Pasqual Valley Unified,0,SCHOOL BOARD MEMBER,3,,Full,2,Dominguez,Sofia,Homemaker,N,2,4,60,0,218,218,2.0,0.27522935779816515,1,0,0,201700156,201700599,0,60,60,218,0,218,2.0,1
201700600,157,13,3,IMPERIAL,2017,2017-11-07,San Pasqual Valley Unified,0,SCHOOL BOARD MEMBER,3,,Full,2,Jefferson,Tomas,No Ballot Designation,N,2,4,64,0,218,218,1.0,0.29357798165137616,1,0,0,201700156,201700600,0,64,64,218,0,218,1.0,1
201700601,157,13,3,IMPERIAL,2017,2017-11-07,San Pasqual Valley Unified,0,SCHOOL BOARD MEMBER,3,,Full,2,Montague,Monica,Incumbent,Y,1,4,47,0,218,218,3.5,0.21559633027522937,2,0,0,201700156,201700601,0,47,47,218,0,218,3.5,2
201700602,157,13,3,IMPERIAL,2017,2017-11-07,San Pasqual Valley Unified,0,SCHOOL BOARD MEMBER,3,,Full,2,Ramirez,Rebecca L.,Incumbent,Y,1,4,47,0,218,218,3.5,0.21559633027522937,2,0,0,201700156,201700602,0,47,47,218,0,218,3.5,2
201700603,158,13,3,IMPERIAL,2017,2017-11-07,Westmorland Union Elementary,0,SCHOOL BOARD MEMBER,3,,Full,2,Marta,Trinidad,Training Coordinator,N,2,3,84,0,243,243,1.0,0.345679012345679,1,0,0,201700157,201700603,0,84,84,243,0,243,1.0,1
201700604,158,13,3,IMPERIAL,2017,2017-11-07,Westmorland Union Elementary,0,SCHOOL BOARD MEMBER,3,,Full,2,Moreno,Elizabeth,Incumbent,Y,1,3,82,0,243,243,2.0,0.3374485596707819,1,0,0,201700157,201700604,0,82,82,243,0,243,2.0,1
201700605,158,13,3,IMPERIAL,2017,2017-11-07,Westmorland Union Elementary,0,SCHOOL BOARD MEMBER,3,,Full,2,"Velasco, Jr.",Salvador,No Ballot Designation,N,2,3,77,0,243,243,3.0,0.3168724279835391,2,0,0,201700157,201700605,0,77,77,243,0,243,3.0,2
201700606,159,19,3,LOS ANGELES,2017,2017-02-28,Burbank Unified,0,SCHOOL BOARD MEMBER,3,,Full,2,Applebaum,Larry,Incumbent,Y,1,3,5398,0,16653,16653,3.0,0.3241457995556356,2,0,0,201700158,201700606,0,5398,5398,16653,0,16653,3.0,2
201700607,159,19,3,LOS ANGELES,2017,2017-02-28,Burbank Unified,0,SCHOOL BOARD MEMBER,3,,Full,2,Frintner,Steven,Senior Manager Accounting,N,2,3,5745,0,16653,16653,1.0,0.3449828859664925,1,0,0,201700158,201700607,0,5745,5745,16653,0,16653,1.0,1
201700608,159,19,3,LOS ANGELES,2017,2017-02-28,Burbank Unified,0,SCHOOL BOARD MEMBER,3,,Full,2,Tabet,"Charlene ""Char""",Incumbent,Y,1,3,5510,0,16653,16653,2.0,0.3308713144778719,1,0,0,201700158,201700608,0,5510,5510,16653,0,16653,2.0,1
201700609,160,19,3,LOS ANGELES,2017,2017-03-07,Los Angeles Community College,0,SCHOOL BOARD MEMBER,3,2,Full,1,Goldstein,Steve,Community College Advocate,N,2,4,80165,0,410235,410235,2.0,0.19541238558387267,2,1,0,201700159,201700609,0,80165,80165,410235,0,410235,2.0,2
201700610,160,19,3,LOS ANGELES,2017,2017-03-07,Los Angeles Community College,0,SCHOOL BOARD MEMBER,3,2,Full,1,Norman,Thomas J.,College Professor/Business person,N,2,4,71170,0,410235,410235,3.0,0.17348592879690908,2,0,0,201700159,201700610,0,71170,71170,410235,0,410235,3.0,2
201700611,160,19,3,LOS ANGELES,2017,2017-03-07,Los Angeles Community College,0,SCHOOL BOARD MEMBER,3,2,Full,1,Vargas,Sergio,Education Advocate,N,2,4,70630,0,410235,410235,4.0,0.17216961010152718,2,0,0,201700159,201700611,0,70630,70630,410235,0,410235,4.0,2
201700612,160,19,3,LOS ANGELES,2017,2017-03-07,Los Angeles Community College,0,SCHOOL BOARD MEMBER,3,2,Full,1,Veres,Steven,College Teacher,N,2,4,188270,0,410235,410235,1.0,0.4589320755176911,1,1,0,201700159,201700612,0,188270,188270,410235,0,410235,1.0,1
201700613,161,19,3,LOS ANGELES,2017,2017-03-07,Los Angeles Community College,0,SCHOOL BOARD MEMBER,3,4,Full,1,Fowler,Dallas Denise,Los Angeles/Commissioner/Educator,N,2,2,181752,0,405762,405762,2.0,0.4479276028805063,2,0,0,201700160,201700613,0,181752,181752,405762,0,405762,2.0,2
201700614,161,19,3,LOS ANGELES,2017,2017-03-07,Los Angeles Community College,0,SCHOOL BOARD MEMBER,3,4,Full,1,Moreno,Ernest H.,Community College Trustee,Y,1,2,224010,0,405762,405762,1.0,0.5520723971194937,1,0,0,201700160,201700614,0,224010,224010,405762,0,405762,1.0,1
201700615,162,19,3,LOS ANGELES,2017,2017-03-07,Los Angeles Community College,0,SCHOOL BOARD MEMBER,3,6,Full,1,Buelna,Gabriel,College Professor,N,2,2,245232,0,406225,406225,1.0,0.6036851498553757,1,0,0,201700161,201700615,0,245232,245232,406225,0,406225,1.0,1
201700616,162,19,3,LOS ANGELES,2017,2017-03-07,Los Angeles Community College,0,SCHOOL BOARD MEMBER,3,6,Full,1,Pearlman,Nancy,Community College Trustee,Y,1,2,160993,0,406225,406225,2.0,0.3963148501446243,2,0,0,201700161,201700616,0,160993,160993,406225,0,406225,2.0,2
201700617,163,19,3,LOS ANGELES,2017,2017-03-07,Los Angeles Unified,0,SCHOOL BOARD MEMBER,3,2,Full,1,Alva,Lisa,Public School Teacher,N,2,3,12788,0,37194,37194,2.0,0.34381889552078293,2,0,0,201700162,201700617,0,12788,12788,37194,0,37194,2.0,2
201700618,163,19,3,LOS ANGELES,2017,2017-03-07,Los Angeles Unified,0,SCHOOL BOARD MEMBER,3,2,Full,1,García,Mónica,Member of the Board of Education,Y,1,3,20710,0,37194,37194,1.0,0.556810238210464,1,0,0,201700162,201700618,0,20710,20710,37194,0,37194,1.0,1
201700619,163,19,3,LOS ANGELES,2017,2017-03-07,Los Angeles Unified,0,SCHOOL BOARD MEMBER,3,2,Full,1,Peterson,Carl J.,Businessman/Parent Advocate,N,2,3,3696,0,37194,37194,3.0,0.09937086626875302,2,0,0,201700162,201700619,0,3696,3696,37194,0,37194,3.0,2
201700620,164,19,3,LOS ANGELES,2017,2017-03-07,Los Angeles Unified,0,SCHOOL BOARD MEMBER,3,4,Full,1,Martayan,Gregory,Police Specialist/Parent,N,2,4,6189,0,96558,96558,4.0,0.06409619089044927,2,0,0,201700163,201700620,0,6189,6189,96558,0,96558,4.0,2
201700621,164,19,3,LOS ANGELES,2017,2017-03-07,Los Angeles Unified,0,SCHOOL BOARD MEMBER,3,4,Full,1,Melvoin,Nick,Educator/Children's Advocate,N,2,4,31771,0,96558,96558,2.0,0.32903539841338886,3,1,1,201700163,201700621,0,31771,31771,96558,0,96558,2.0,3
201700622,164,19,3,LOS ANGELES,2017,2017-03-07,Los Angeles Unified,0,SCHOOL BOARD MEMBER,3,4,Full,1,Polhill,Allison Holdorff,Educator/Parent,N,2,4,13510,0,96558,96558,3.0,0.1399159054661447,2,0,0,201700163,201700622,0,13510,13510,96558,0,96558,3.0,2
201700623,164,19,3,LOS ANGELES,2017,2017-03-07,Los Angeles Unified,0,SCHOOL BOARD MEMBER,3,4,Full,1,Zimmer,Steven,Teacher/School Boardmember,Y,1,4,45088,0,96558,96558,1.0,0.4669525052300172,3,1,1,201700163,201700623,0,45088,45088,96558,0,96558,1.0,3
201700624,165,19,3,LOS ANGELES,2017,2017-03-07,Los Angeles Unified,0,SCHOOL BOARD MEMBER,3,6,Full,1,Fitzpatrick-Gonez,Kelly,Public School Teacher,N,2,6,15984,0,43018,43018,1.0,0.3715653912315775,3,1,1,201700164,201700624,0,15984,15984,43018,0,43018,1.0,3
201700625,165,19,3,LOS ANGELES,2017,2017-03-07,Los Angeles Unified,0,SCHOOL BOARD MEMBER,3,6,Full,1,Lopez,Patty,Assembly Member,N,2,6,5159,0,43018,43018,3.0,0.11992654237760937,2,0,0,201700164,201700625,0,5159,5159,43018,0,43018,3.0,2
201700626,165,19,3,LOS ANGELES,2017,2017-03-07,Los Angeles Unified,0,SCHOOL BOARD MEMBER,3,6,Full,1,Padilla,Imelda,Community Youth Advocate,N,2,6,13390,0,43018,43018,2.0,0.3112650518387652,3,1,1,201700164,201700626,0,13390,13390,43018,0,43018,2.0,3
201700627,165,19,3,LOS ANGELES,2017,2017-03-07,Los Angeles Unified,0,SCHOOL BOARD MEMBER,3,6,Full,1,Parseghian,Araz,Educator/Parent/Businessman,N,2,6,3853,0,43018,43018,4.0,0.08956715793388814,2,0,0,201700164,201700627,0,3853,3853,43018,0,43018,4.0,2
201700628,165,19,3,LOS ANGELES,2017,2017-03-07,Los Angeles Unified,0,SCHOOL BOARD MEMBER,3,6,Full,1,Posey,Gwendolyn R.,Education Advocate,N,2,6,2483,0,43018,43018,5.0,0.05772002417592636,2,0,0,201700164,201700628,0,2483,2483,43018,0,43018,5.0,2
201700629,165,19,3,LOS ANGELES,2017,2017-03-07,Los Angeles Unified,0,SCHOOL BOARD MEMBER,3,6,Full,1,Sandoval,Jose,Animal Rights Educator,N,2,6,2149,0,43018,43018,6.0,0.04995583244223349,2,0,0,201700164,201700629,0,2149,2149,43018,0,43018,6.0,2
201700630,166,19,3,LOS ANGELES,2017,2017-03-07,Pasadena Unified,0,SCHOOL BOARD MEMBER,3,1,Full,1,Kenne,Kimberly,"Board Member, Pasadena Unified",Y,1,2,2046,0,3282,3282,1.0,0.623400365630713,1,0,0,201700165,201700630,0,2046,2046,3282,0,3282,1.0,1
201700631,166,19,3,LOS ANGELES,2017,2017-03-07,Pasadena Unified,0,SCHOOL BOARD MEMBER,3,1,Full,1,Miller,Rita,Public School Teacher,N,2,2,1236,0,3282,3282,2.0,0.376599634369287,2,0,0,201700165,201700631,0,1236,1236,3282,0,3282,2.0,2
201700632,167,19,3,LOS ANGELES,2017,2017-03-07,Pasadena Unified,0,SCHOOL BOARD MEMBER,3,3,Full,1,Bailey,Michelle Richardson,School District Secretary,N,2,2,1204,0,2096,2096,1.0,0.5744274809160306,1,0,0,201700166,201700632,0,1204,1204,2096,0,2096,1.0,1
201700633,167,19,3,LOS ANGELES,2017,2017-03-07,Pasadena Unified,0,SCHOOL BOARD MEMBER,3,3,Full,1,Mullen,Adrienne Ann,Appointed Member of the Board of Education,Y,1,2,892,0,2096,2096,2.0,0.4255725190839695,2,0,0,201700166,201700633,0,892,892,2096,0,2096,2.0,2
201700634,168,19,3,LOS ANGELES,2017,2017-03-07,Pasadena Unified,0,SCHOOL BOARD MEMBER,3,5,Full,1,Baron,Matthew,Teacher/Farmer/Businessman,N,2,2,975,0,3276,3276,2.0,0.2976190476190476,2,0,0,201700167,201700634,0,975,975,3276,0,3276,2.0,2
201700635,168,19,3,LOS ANGELES,2017,2017-03-07,Pasadena Unified,0,SCHOOL BOARD MEMBER,3,5,Full,1,Pomeroy,Elizabeth,Member of the Board of Education,Y,1,2,2301,0,3276,3276,1.0,0.7023809523809523,1,0,0,201700167,201700635,0,2301,2301,3276,0,3276,1.0,1
201700636,170,19,3,LOS ANGELES,2017,2017-03-07,Redondo Beach Unified,0,SCHOOL BOARD MEMBER,3,,Full,3,Christensen,Michael,Incumbent,Y,1,4,8166,0,30278,30278,1.0,0.26970077283836447,1,0,0,201700169,201700636,0,8166,8166,30278,0,30278,1.0,1
201700637,170,19,3,LOS ANGELES,2017,2017-03-07,Redondo Beach Unified,0,SCHOOL BOARD MEMBER,3,,Full,3,Kilroy,Matthew J.,Retired RBUSD Teacher,N,2,4,6401,0,30278,30278,4.0,0.2114076226963472,2,0,0,201700169,201700637,0,6401,6401,30278,0,30278,4.0,2
201700638,170,19,3,LOS ANGELES,2017,2017-03-07,Redondo Beach Unified,0,SCHOOL BOARD MEMBER,3,,Full,3,Serkin,Brad,Incumbent,Y,1,4,7858,0,30278,30278,2.0,0.2595283704339785,1,0,0,201700169,201700638,0,7858,7858,30278,0,30278,2.0,1
201700639,170,19,3,LOS ANGELES,2017,2017-03-07,Redondo Beach Unified,0,SCHOOL BOARD MEMBER,3,,Full,3,Waller,Brad,Incumbent,Y,1,4,7853,0,30278,30278,3.0,0.25936323403130984,1,0,0,201700169,201700639,0,7853,7853,30278,0,30278,3.0,1
201700640,169,19,3,LOS ANGELES,2017,2017-03-07,Pasadena Unified,0,SCHOOL BOARD MEMBER,3,7,Full,1,Phelps,Scott M.,"Board Member, Pasadena Unified School District",Y,1,1,4476,0,4476,4476,1.0,1.0,1,0,0,201700168,201700640,0,4476,4476,4476,0,4476,1.0,1
201700641,173,19,3,LOS ANGELES,2017,2017-04-04,Glendale Community College,0,SCHOOL BOARD MEMBER,3,4,Full,1,Davis,Yvetter Vartanian,Educator/Business Owner,N,2,3,1980,0,3095,3095,1.0,0.6397415185783522,1,0,0,201700172,201700641,0,1980,1980,3095,0,3095,1.0,1
201700642,173,19,3,LOS ANGELES,2017,2017-04-04,Glendale Community College,0,SCHOOL BOARD MEMBER,3,4,Full,1,Garcia,Victor E.,Community Volunteer,N,2,3,492,0,3095,3095,3.0,0.15896607431340873,2,0,0,201700172,201700642,0,492,492,3095,0,3095,3.0,2
201700643,173,19,3,LOS ANGELES,2017,2017-04-04,Glendale Community College,0,SCHOOL BOARD MEMBER,3,4,Full,1,Werner,Rondi Lane,Construction Contract Administrator,N,2,3,623,0,3095,3095,2.0,0.2012924071082391,2,0,0,201700172,201700643,0,623,623,3095,0,3095,2.0,2
201700644,174,19,3,LOS ANGELES,2017,2017-04-04,Glendale Unified,0,SCHOOL BOARD MEMBER,3,B,Full,1,Krikorian,Greg,"Member, Board of Education",Y,1,2,3638,0,4392,4392,1.0,0.8283242258652095,1,0,0,201700173,201700644,0,3638,3638,4392,0,4392,1.0,1
201700645,174,19,3,LOS ANGELES,2017,2017-04-04,Glendale Unified,0,SCHOOL BOARD MEMBER,3,B,Full,1,Stepanyan,Vardan,Certified Immigration Consultant,N,2,2,754,0,4392,4392,2.0,0.17167577413479052,2,0,0,201700173,201700645,0,754,754,4392,0,4392,2.0,2
201700646,176,19,3,LOS ANGELES,2017,2017-04-04,Glendale Unified,0,SCHOOL BOARD MEMBER,3,D,Full,1,Ryan,Joal,Parent/Journalist,N,2,2,1664,0,3918,3918,2.0,0.42470648289943846,2,0,0,201700175,201700646,0,1664,1664,3918,0,3918,2.0,2
201700647,176,19,3,LOS ANGELES,2017,2017-04-04,Glendale Unified,0,SCHOOL BOARD MEMBER,3,D,Full,1,Sahakian,Shant,Parent/Entrepreneur/Artist,N,2,2,2254,0,3918,3918,1.0,0.5752935171005615,1,0,0,201700175,201700647,0,2254,2254,3918,0,3918,1.0,1
201700648,177,19,3,LOS ANGELES,2017,2017-04-04,Inglewood Unified,0,SCHOOL BOARD MEMBER,3,1,Full,1,Faulk,Dionne Y.,Financial Literacy Educator,N,2,2,1977,0,2990,2990,1.0,0.6612040133779264,1,0,0,201700176,201700648,0,1977,1977,2990,0,2990,1.0,1
201700649,177,19,3,LOS ANGELES,2017,2017-04-04,Inglewood Unified,0,SCHOOL BOARD MEMBER,3,1,Full,1,"Riley, Jr.",Odest T.,Financcial Consultant/instructor,N,2,2,1013,0,2990,2990,2.0,0.33879598662207355,2,0,0,201700176,201700649,0,1013,1013,2990,0,2990,2.0,2
201700650,171,19,3,LOS ANGELES,2017,2017-04-04,Glendale Community College,0,SCHOOL BOARD MEMBER,3,2,Full,1,Ransford,Ann,Glendale Community College Trustee,Y,1,1,4294,0,4294,4294,1.0,1.0,1,0,0,201700170,201700650,0,4294,4294,4294,0,4294,1.0,1
201700651,172,19,3,LOS ANGELES,2017,2017-04-04,Glendale Community College,0,SCHOOL BOARD MEMBER,3,3,Full,1,Hacopian,Armine,GCC Trustee/Educator,Y,1,1,3689,0,3689,3689,1.0,1.0,1,0,0,201700171,201700651,0,3689,3689,3689,0,3689,1.0,1
201700652,175,19,3,LOS ANGELES,2017,2017-04-04,Glendale Unified,0,SCHOOL BOARD MEMBER,3,C,Full,1,Gharpetian,Armina,GUSD Board President,Y,1,1,3830,0,3830,3830,1.0,1.0,1,0,0,201700174,201700652,0,3830,3830,3830,0,3830,1.0,1
201700653,178,19,3,LOS ANGELES,2017,2017-04-04,Inglewood Unified,0,SCHOOL BOARD MEMBER,3,2,Full,1,McGhee,Carliss R.,School Board Member,Y,1,1,2475,0,2475,2475,1.0,1.0,1,0,0,201700177,201700653,0,2475,2475,2475,0,2475,1.0,1
201700654,179,19,3,LOS ANGELES,2017,2017-04-04,Inglewood Unified,0,SCHOOL BOARD MEMBER,3,3,Full,1,Ngaue-Tuuholoaki,Melody O.,Incumbent,Y,1,1,2444,0,2444,2444,1.0,1.0,1,0,0,201700178,201700654,0,2444,2444,2444,0,2444,1.0,1
201700655,180,19,3,LOS ANGELES,2017,2017-04-18,Arcadia Unified,0,SCHOOL BOARD MEMBER,3,,Full,2,Chavez,Leigh S.,Community Volunteer,N,2,4,1599,0,5333,5333,2.0,0.29983123945246576,1,0,0,201700179,201700655,0,1599,1599,5333,0,5333,2.0,1
201700656,180,19,3,LOS ANGELES,2017,2017-04-18,Arcadia Unified,0,SCHOOL BOARD MEMBER,3,,Full,2,Eng,Fenton Fong,Incumbent,Y,1,4,1831,0,5333,5333,1.0,0.3433339583723983,1,0,0,201700179,201700656,0,1831,1831,5333,0,5333,1.0,1
201700657,180,19,3,LOS ANGELES,2017,2017-04-18,Arcadia Unified,0,SCHOOL BOARD MEMBER,3,,Full,2,Ricchiazzi,Paul A.,Police Officer III,N,2,4,515,0,5333,5333,4.0,0.09656853553347085,2,0,0,201700179,201700657,0,515,515,5333,0,5333,4.0,2
201700658,180,19,3,LOS ANGELES,2017,2017-04-18,Arcadia Unified,0,SCHOOL BOARD MEMBER,3,,Full,2,Yamane,Kathy,Registered Nurse/Volunteer,N,2,4,1388,0,5333,5333,3.0,0.2602662666416651,2,0,0,201700179,201700658,0,1388,1388,5333,0,5333,3.0,2
201700659,181,19,3,LOS ANGELES,2017,2017-05-16,Los Angeles Unified,0,SCHOOL BOARD MEMBER,3,4,Full,1,Melvoin,Nick,Educator/Children's Advocate,N,2,2,38673,0,67570,67570,1.0,0.5723397957673524,1,0,0,201700180,201700659,0,38673,38673,67570,0,67570,1.0,1
201700660,181,19,3,LOS ANGELES,2017,2017-05-16,Los Angeles Unified,0,SCHOOL BOARD MEMBER,3,4,Full,1,Zimmer,Steven,Teacher/School Boardmember,Y,1,2,28897,0,67570,67570,2.0,0.4276602042326476,2,0,0,201700180,201700660,0,28897,28897,67570,0,67570,2.0,2
201700661,182,19,3,LOS ANGELES,2017,2017-05-16,Los Angeles Unified,0,SCHOOL BOARD MEMBER,3,6,Full,1,Fitzpatrick-Gonez,Kelly,Public School Teacher,N,2,2,16961,0,32957,32957,1.0,0.5146402888612435,1,0,0,201700181,201700661,0,16961,16961,32957,0,32957,1.0,1
201700662,182,19,3,LOS ANGELES,2017,2017-05-16,Los Angeles Unified,0,SCHOOL BOARD MEMBER,3,6,Full,1,Padilla,Imelda,Community Youth Advocate,N,2,2,15996,0,32957,32957,2.0,0.4853597111387566,2,0,0,201700181,201700662,0,15996,15996,32957,0,32957,2.0,2
201700663,183,19,3,LOS ANGELES,2017,2017-11-07,ABC Unified,0,SCHOOL BOARD MEMBER,3,3,Full,1,Fierro,Daniel G.,Chief Executive Officer,N,2,4,162,0,1775,1775,4.0,0.09126760563380282,2,0,0,201700182,201700663,0,162,162,1775,0,1775,4.0,2
201700664,183,19,3,LOS ANGELES,2017,2017-11-07,ABC Unified,0,SCHOOL BOARD MEMBER,3,3,Full,1,Johnson,Lynda P.,ABC Governing Board Member,Y,1,4,475,0,1775,1775,2.0,0.2676056338028169,2,1,0,201700182,201700664,0,475,475,1775,0,1775,2.0,2
201700665,183,19,3,LOS ANGELES,2017,2017-11-07,ABC Unified,0,SCHOOL BOARD MEMBER,3,3,Full,1,Nishii,H. Ernie,Parent/Attorney,N,2,4,698,0,1775,1775,1.0,0.39323943661971833,1,1,0,201700182,201700665,0,698,698,1775,0,1775,1.0,1
201700666,183,19,3,LOS ANGELES,2017,2017-11-07,ABC Unified,0,SCHOOL BOARD MEMBER,3,3,Full,1,Reyes,Armin,Labor Representative,N,2,4,440,0,1775,1775,3.0,0.24788732394366197,2,0,0,201700182,201700666,0,440,440,1775,0,1775,3.0,2
201700667,184,19,3,LOS ANGELES,2017,2017-11-07,ABC Unified,0,SCHOOL BOARD MEMBER,3,6,Full,1,Dodson,Louise,Deputy Probation Officer,N,2,2,161,0,453,453,2.0,0.3554083885209713,2,0,0,201700183,201700667,0,161,161,453,0,453,2.0,2
201700668,184,19,3,LOS ANGELES,2017,2017-11-07,ABC Unified,0,SCHOOL BOARD MEMBER,3,6,Full,1,Rios,Olga,Educator/Parent,N,2,2,292,0,453,453,1.0,0.6445916114790287,1,0,0,201700183,201700668,0,292,292,453,0,453,1.0,1
201700669,185,19,3,LOS ANGELES,2017,2017-11-07,Compton Unified,0,SCHOOL BOARD MEMBER,3,,Full,4,Banks,Barbara A.,Retired Compton Unified School District Manager,N,2,19,852,0,19654,19654,11.0,0.04334995420779485,2,0,0,201700184,201700669,0,852,852,19654,0,19654,11.0,2
201700670,185,19,3,LOS ANGELES,2017,2017-11-07,Compton Unified,0,SCHOOL BOARD MEMBER,3,,Full,4,Calhoun,Barbara Jean,Community Advocate,N,2,19,1218,0,19654,19654,7.0,0.061972117635087,2,0,0,201700184,201700670,0,1218,1218,19654,0,19654,7.0,2
201700671,185,19,3,LOS ANGELES,2017,2017-11-07,Compton Unified,0,SCHOOL BOARD MEMBER,3,,Full,4,Carson,Willie Dewitt,Retired Maintenance Director,N,2,19,408,0,19654,19654,15.0,0.02075913300091584,2,0,0,201700184,201700671,0,408,408,19654,0,19654,15.0,2
201700672,185,19,3,LOS ANGELES,2017,2017-11-07,Compton Unified,0,SCHOOL BOARD MEMBER,3,,Full,4,Curry,Rodney Lonnell,Teacher,N,2,19,1248,0,19654,19654,6.0,0.06349852447338965,2,0,0,201700184,201700672,0,1248,1248,19654,0,19654,6.0,2
201700673,185,19,3,LOS ANGELES,2017,2017-11-07,Compton Unified,0,SCHOOL BOARD MEMBER,3,,Full,4,Garrett,Margie N.,"Governing Board Member, Compton Unified School District",Y,1,19,2003,0,19654,19654,3.0,0.10191309657067264,1,0,0,201700184,201700673,0,2003,2003,19654,0,19654,3.0,1
201700674,185,19,3,LOS ANGELES,2017,2017-11-07,Compton Unified,0,SCHOOL BOARD MEMBER,3,,Full,4,Godwin,Alita L.,Compton City Clerk,N,2,19,998,0,19654,19654,9.0,0.05077846748753435,2,0,0,201700184,201700674,0,998,998,19654,0,19654,9.0,2
201700675,185,19,3,LOS ANGELES,2017,2017-11-07,Compton Unified,0,SCHOOL BOARD MEMBER,3,,Full,4,Harris,Jesse A.,Father/Doctoral Candidate,N,2,19,249,0,19654,19654,17.0,0.01266917675791188,2,0,0,201700184,201700675,0,249,249,19654,0,19654,17.0,2
201700676,185,19,3,LOS ANGELES,2017,2017-11-07,Compton Unified,0,SCHOOL BOARD MEMBER,3,,Full,4,Hicks,Ricky E.,Financial Advisor,N,2,19,190,0,19654,19654,18.0,0.00966724330925003,2,0,0,201700184,201700676,0,190,190,19654,0,19654,18.0,2
201700677,185,19,3,LOS ANGELES,2017,2017-11-07,Compton Unified,0,SCHOOL BOARD MEMBER,3,,Full,4,Jackson-Freeny,Mary L.,School Social Worker,N,2,19,918,0,19654,19654,10.0,0.04670804925206065,2,0,0,201700184,201700677,0,918,918,19654,0,19654,10.0,2
201700678,185,19,3,LOS ANGELES,2017,2017-11-07,Compton Unified,0,SCHOOL BOARD MEMBER,3,,Full,4,Landeros,Luis,"Director, Sativa Los Angeles Water District",N,2,19,766,0,19654,19654,12.0,0.03897425460466063,2,0,0,201700184,201700678,0,766,766,19654,0,19654,12.0,2
201700679,185,19,3,LOS ANGELES,2017,2017-11-07,Compton Unified,0,SCHOOL BOARD MEMBER,3,,Full,4,Lewis,Joseph L.,Doctor of Education,N,2,19,500,0,19654,19654,13.0,0.02544011397171059,2,0,0,201700184,201700679,0,500,500,19654,0,19654,13.0,2
201700680,185,19,3,LOS ANGELES,2017,2017-11-07,Compton Unified,0,SCHOOL BOARD MEMBER,3,,Full,4,Perry,Anthony Lee,Manager,N,2,19,172,0,19654,19654,19.0,0.00875139920626844,2,0,0,201700184,201700680,0,172,172,19654,0,19654,19.0,2
201700681,185,19,3,LOS ANGELES,2017,2017-11-07,Compton Unified,0,SCHOOL BOARD MEMBER,3,,Full,4,Pitts,Gregory,Educator,N,2,19,1497,0,19654,19654,5.0,0.07616770123130151,2,0,0,201700184,201700681,0,1497,1497,19654,0,19654,5.0,2
201700682,185,19,3,LOS ANGELES,2017,2017-11-07,Compton Unified,0,SCHOOL BOARD MEMBER,3,,Full,4,Poole-Louis,Shawn M.,Teacher,N,2,19,496,0,19654,19654,14.0,0.02523659305993691,2,0,0,201700184,201700682,0,496,496,19654,0,19654,14.0,2
201700683,185,19,3,LOS ANGELES,2017,2017-11-07,Compton Unified,0,SCHOOL BOARD MEMBER,3,,Full,4,Taylor,Jonathan,Retired Compton Teacher,N,2,19,1169,0,19654,19654,8.0,0.05947898646585937,2,0,0,201700184,201700683,0,1169,1169,19654,0,19654,8.0,2
201700684,185,19,3,LOS ANGELES,2017,2017-11-07,Compton Unified,0,SCHOOL BOARD MEMBER,3,,Full,4,Taylor-Pleasant,Alma,"Appointed Governing Board Member, Compton Unified School District",Y,1,19,1517,0,19654,19654,4.0,0.07718530579016994,1,0,0,201700184,201700684,0,1517,1517,19654,0,19654,4.0,1
201700685,185,19,3,LOS ANGELES,2017,2017-11-07,Compton Unified,0,SCHOOL BOARD MEMBER,3,,Full,4,Thomas,Mae,"Governing Board Member, Compton Unified School District",Y,1,19,2654,0,19654,19654,1.0,0.13503612496183984,1,0,0,201700184,201700685,0,2654,2654,19654,0,19654,1.0,1
201700686,185,19,3,LOS ANGELES,2017,2017-11-07,Compton Unified,0,SCHOOL BOARD MEMBER,3,,Full,4,Wiggins,Tracy Shawn,Financial Professional,N,2,19,369,0,19654,19654,16.0,0.01877480411112242,2,0,0,201700184,201700686,0,369,369,19654,0,19654,16.0,2
201700687,185,19,3,LOS ANGELES,2017,2017-11-07,Compton Unified,0,SCHOOL BOARD MEMBER,3,,Full,4,Zurita,Satra D.,"Governing Board Member, Compton Unified School District",Y,1,19,2430,0,19654,19654,2.0,0.12363895390251348,1,0,0,201700184,201700687,0,2430,2430,19654,0,19654,2.0,1
201700688,186,19,3,LOS ANGELES,2017,2017-11-07,El Monte Union High,0,SCHOOL BOARD MEMBER,3,,Full,3,Briones,Florencio F.,Education Technology Specialist,N,2,6,2602,0,12231,12231,3.0,0.2127381244379037,1,0,0,201700185,201700688,0,2602,2602,12231,0,12231,3.0,1
201700689,186,19,3,LOS ANGELES,2017,2017-11-07,El Monte Union High,0,SCHOOL BOARD MEMBER,3,,Full,3,De Siegrist,Esthela Torres,Community College Professor,Y,1,6,2515,0,12231,12231,4.0,0.20562505109966478,2,0,0,201700185,201700689,0,2515,2515,12231,0,12231,4.0,2
201700690,186,19,3,LOS ANGELES,2017,2017-11-07,El Monte Union High,0,SCHOOL BOARD MEMBER,3,,Full,3,Diaz,David,Nonprofit Youth Director,N,2,6,2991,0,12231,12231,1.0,0.24454255580083395,1,0,0,201700185,201700690,0,2991,2991,12231,0,12231,1.0,1
201700691,186,19,3,LOS ANGELES,2017,2017-11-07,El Monte Union High,0,SCHOOL BOARD MEMBER,3,,Full,3,Padilla,Ricardo,School Counselor/Teacher,Y,1,6,2940,0,12231,12231,2.0,0.2403728231542801,1,0,0,201700185,201700691,0,2940,2940,12231,0,12231,2.0,1
201700692,186,19,3,LOS ANGELES,2017,2017-11-07,El Monte Union High,0,SCHOOL BOARD MEMBER,3,,Full,3,Trigueros,Christian,Neighborhood Developer,N,2,6,459,0,12231,12231,6.0,0.03752759381898455,2,0,0,201700185,201700692,0,459,459,12231,0,12231,6.0,2
201700693,186,19,3,LOS ANGELES,2017,2017-11-07,El Monte Union High,0,SCHOOL BOARD MEMBER,3,,Full,3,Williams,Ron,Small Business Owner,N,2,6,724,0,12231,12231,5.0,0.05919385168833292,2,0,0,201700185,201700693,0,724,724,12231,0,12231,5.0,2
201700694,187,19,3,LOS ANGELES,2017,2017-11-07,Hughes-Elizabeth Lakes Union Elementary,0,SCHOOL BOARD MEMBER,3,,Full,3,Dohn,Melanie,Incumbent,Y,1,4,153,0,614,614,3.0,0.249185667752443,1,0,0,201700186,201700694,0,153,153,614,0,614,3.0,1
201700695,187,19,3,LOS ANGELES,2017,2017-11-07,Hughes-Elizabeth Lakes Union Elementary,0,SCHOOL BOARD MEMBER,3,,Full,3,Nadjib,Wise,Taekwondo Instructor,N,2,4,103,0,614,614,4.0,0.16775244299674266,2,0,0,201700186,201700695,0,103,103,614,0,614,4.0,2
201700696,187,19,3,LOS ANGELES,2017,2017-11-07,Hughes-Elizabeth Lakes Union Elementary,0,SCHOOL BOARD MEMBER,3,,Full,3,Skelton,Lola J.,Incumbent,Y,1,4,170,0,614,614,2.0,0.2768729641693811,1,0,0,201700186,201700696,0,170,170,614,0,614,2.0,1
201700697,187,19,3,LOS ANGELES,2017,2017-11-07,Hughes-Elizabeth Lakes Union Elementary,0,SCHOOL BOARD MEMBER,3,,Full,3,Trifa,Nicoleta,Teacher,N,2,4,188,0,614,614,1.0,0.30618892508143325,1,0,0,201700186,201700697,0,188,188,614,0,614,1.0,1
201700698,188,19,3,LOS ANGELES,2017,2017-11-07,La Cañada Unified,0,SCHOOL BOARD MEMBER,3,,Full,3,Gottheim,Joshua C.,Land Use Attorney,N,2,5,1324,0,9560,9560,5.0,0.1384937238493724,2,0,0,201700187,201700698,0,1324,1324,9560,0,9560,5.0,2
201700699,188,19,3,LOS ANGELES,2017,2017-11-07,La Cañada Unified,0,SCHOOL BOARD MEMBER,3,,Full,3,Jeffries,Dan,Incumbent,Y,1,5,2532,0,9560,9560,1.0,0.26485355648535563,1,0,0,201700187,201700699,0,2532,2532,9560,0,9560,1.0,1
201700700,188,19,3,LOS ANGELES,2017,2017-11-07,La Cañada Unified,0,SCHOOL BOARD MEMBER,3,,Full,3,Puglia,Kaitzer P.,Incumbent,Y,1,5,1940,0,9560,9560,3.0,0.20292887029288703,1,0,0,201700187,201700700,0,1940,1940,9560,0,9560,3.0,1
201700701,188,19,3,LOS ANGELES,2017,2017-11-07,La Cañada Unified,0,SCHOOL BOARD MEMBER,3,,Full,3,Radabaugh,Joe,Self Employed,N,2,5,2387,0,9560,9560,2.0,0.24968619246861926,1,0,0,201700187,201700701,0,2387,2387,9560,0,9560,2.0,1
201700702,188,19,3,LOS ANGELES,2017,2017-11-07,La Cañada Unified,0,SCHOOL BOARD MEMBER,3,,Full,3,Salvo,Christopher G.,Aerospace Engineering Manager,N,2,5,1377,0,9560,9560,4.0,0.1440376569037657,2,0,0,201700187,201700702,0,1377,1377,9560,0,9560,4.0,2
201700703,189,19,3,LOS ANGELES,2017,2017-11-07,Rosemead Elementary,0,SCHOOL BOARD MEMBER,3,,Full,1,Mascorro,Frederick Santos,Retired Operations Manager,N,2,2,337,0,741,741,2.0,0.45479082321187586,2,0,0,201700188,201700703,0,337,337,741,0,741,2.0,2
201700704,189,19,3,LOS ANGELES,2017,2017-11-07,Rosemead Elementary,0,SCHOOL BOARD MEMBER,3,,Full,1,Pena,Veronica L.,Site Coordinator,N,2,2,404,0,741,741,1.0,0.5452091767881242,1,0,0,201700188,201700704,0,404,404,741,0,741,1.0,1
201700705,190,19,3,LOS ANGELES,2017,2017-11-07,Whittier City Elementary,0,SCHOOL BOARD MEMBER,3,,Full,3,Adragna,Vito J.,Retired Architect,Y,1,7,1494,0,9884,9884,5.0,0.15115337919870497,2,0,0,201700189,201700705,0,1494,1494,9884,0,9884,5.0,2
201700706,190,19,3,LOS ANGELES,2017,2017-11-07,Whittier City Elementary,0,SCHOOL BOARD MEMBER,3,,Full,3,Cano,Roland,Community Volunteer,N,2,7,511,0,9884,9884,6.0,0.05169971671388102,2,0,0,201700189,201700706,0,511,511,9884,0,9884,6.0,2
201700707,190,19,3,LOS ANGELES,2017,2017-11-07,Whittier City Elementary,0,SCHOOL BOARD MEMBER,3,,Full,3,Chavez,Troy Anthony,Marketing Representative,N,2,7,412,0,9884,9884,7.0,0.04168352893565358,2,0,0,201700189,201700707,0,412,412,9884,0,9884,7.0,2
201700708,190,19,3,LOS ANGELES,2017,2017-11-07,Whittier City Elementary,0,SCHOOL BOARD MEMBER,3,,Full,3,Jauregui,Caro,Health Policy Manager,N,2,7,1515,0,9884,9884,4.0,0.15327802509105626,2,0,0,201700189,201700708,0,1515,1515,9884,0,9884,4.0,2
201700709,190,19,3,LOS ANGELES,2017,2017-11-07,Whittier City Elementary,0,SCHOOL BOARD MEMBER,3,,Full,3,Sandoval,Jennifer De Baca,Educator,N,2,7,2364,0,9884,9884,1.0,0.23917442331040065,1,0,0,201700189,201700709,0,2364,2364,9884,0,9884,1.0,1
201700710,190,19,3,LOS ANGELES,2017,2017-11-07,Whittier City Elementary,0,SCHOOL BOARD MEMBER,3,,Full,3,Small,Linda Lee Ann,Incumbent,Y,1,7,1866,0,9884,9884,2.0,0.188789963577499,1,0,0,201700189,201700710,0,1866,1866,9884,0,9884,2.0,1
201700711,190,19,3,LOS ANGELES,2017,2017-11-07,Whittier City Elementary,0,SCHOOL BOARD MEMBER,3,,Full,3,Vigil,Polly Ann,Academic Researcher,N,2,7,1722,0,9884,9884,3.0,0.17422096317280453,1,0,0,201700189,201700711,0,1722,1722,9884,0,9884,3.0,1
201700712,191,19,3,LOS ANGELES,2017,2017-11-07,Whittier Union High,0,SCHOOL BOARD MEMBER,3,,Full,3,Anderson,Leighton M.,"Governing Board Member, Whittier Union High School District",Y,1,5,5806,0,22305,22305,1.0,0.2603003810804752,1,0,0,201700190,201700712,0,5806,5806,22305,0,22305,1.0,1
201700713,191,19,3,LOS ANGELES,2017,2017-11-07,Whittier Union High,0,SCHOOL BOARD MEMBER,3,,Full,3,Baird,Jeff,Retired Business Attorney,Y,1,5,4801,0,22305,22305,3.0,0.21524321900919077,1,0,0,201700190,201700713,0,4801,4801,22305,0,22305,3.0,1
201700714,191,19,3,LOS ANGELES,2017,2017-11-07,Whittier Union High,0,SCHOOL BOARD MEMBER,3,,Full,3,Calleros,Russell A. Castañeda,Governing Board Member,Y,1,5,5183,0,22305,22305,2.0,0.23236942389598744,1,0,0,201700190,201700714,0,5183,5183,22305,0,22305,2.0,1
201700715,191,19,3,LOS ANGELES,2017,2017-11-07,Whittier Union High,0,SCHOOL BOARD MEMBER,3,,Full,3,Mendez,Maria Carmenita,Educator/Parent,N,2,5,4051,0,22305,22305,4.0,0.18161847119479937,2,0,0,201700190,201700715,0,4051,4051,22305,0,22305,4.0,2
201700716,191,19,3,LOS ANGELES,2017,2017-11-07,Whittier Union High,0,SCHOOL BOARD MEMBER,3,,Full,3,Portillo,Jennifer,Marketing Director/Philanthropist,N,2,5,2464,0,22305,22305,5.0,0.11046850481954719,2,0,0,201700190,201700716,0,2464,2464,22305,0,22305,5.0,2
201700717,192,24,3,MERCED,2017,2017-11-07,Gustine Unified,0,SCHOOL BOARD MEMBER,3,5,Full,1,Montgomery,Wendy,Realtor,N,2,2,46,0,156,156,2.0,0.2948717948717949,2,0,0,201700191,201700717,0,46,46,156,0,156,2.0,2
201700718,192,24,3,MERCED,2017,2017-11-07,Gustine Unified,0,SCHOOL BOARD MEMBER,3,5,Full,1,Smith,Richard,Firefighter,N,2,2,110,0,156,156,1.0,0.7051282051282052,1,0,0,201700191,201700718,0,110,110,156,0,156,1.0,1
201700719,193,27,3,MONTEREY,2017,2017-11-07,North Monterey County Unified,0,SCHOOL BOARD MEMBER,3,2,Full,1,Lines,Linda,Incumbent,Y,1,2,196,0,413,413,2.0,0.4745762711864407,2,0,0,201700192,201700719,0,196,196,413,0,413,2.0,2
201700720,193,27,3,MONTEREY,2017,2017-11-07,North Monterey County Unified,0,SCHOOL BOARD MEMBER,3,2,Full,1,Samuels,Kyle,Retired Teacher,N,2,2,217,0,413,413,1.0,0.5254237288135594,1,0,0,201700192,201700720,0,217,217,413,0,413,1.0,1
201700721,194,33,3,RIVERSIDE,2017,2017-11-07,Banning Unified,0,SCHOOL BOARD MEMBER,3,1,Full,1,Kalani,John Bernades,Entertainment Technician,N,2,2,181,0,1618,1618,2.0,0.11186650185414092,2,0,0,201700193,201700721,0,181,181,1618,0,1618,2.0,2
201700722,194,33,3,RIVERSIDE,2017,2017-11-07,Banning Unified,0,SCHOOL BOARD MEMBER,3,1,Full,1,Price,Anne K.,Retired,N,2,2,1437,0,1618,1618,1.0,0.8881334981458591,1,0,0,201700193,201700722,0,1437,1437,1618,0,1618,1.0,1
201700723,195,33,3,RIVERSIDE,2017,2017-11-07,Banning Unified,0,SCHOOL BOARD MEMBER,3,5,Full,1,Patterson,Mason Levi,Educator,N,2,3,154,0,564,564,2.0,0.2730496453900709,2,0,0,201700194,201700723,0,154,154,564,0,564,2.0,2
201700724,195,33,3,RIVERSIDE,2017,2017-11-07,Banning Unified,0,SCHOOL BOARD MEMBER,3,5,Full,1,Smith,Jason,Power Line Technician,N,2,3,329,0,564,564,1.0,0.5833333333333334,1,0,0,201700194,201700724,0,329,329,564,0,564,1.0,1
201700725,195,33,3,RIVERSIDE,2017,2017-11-07,Banning Unified,0,SCHOOL BOARD MEMBER,3,5,Full,1,Westholder,Gabriel,Engineer Technician/Coach,N,2,3,81,0,564,564,3.0,0.14361702127659576,2,0,0,201700194,201700725,0,81,81,564,0,564,3.0,2
201700726,196,33,3,RIVERSIDE,2017,2017-11-07,Palo Verde Unified,0,SCHOOL BOARD MEMBER,3,,Full,2,Guith,Norman Crosby,Retired Educator,Y,1,4,596,0,2466,2466,2.0,0.24168694241686942,1,0,0,201700195,201700726,0,596,596,2466,0,2466,2.0,1
201700727,196,33,3,RIVERSIDE,2017,2017-11-07,Palo Verde Unified,0,SCHOOL BOARD MEMBER,3,,Full,2,Guitierrez,Martha E.,Parent /Office Technician,N,2,4,819,0,2466,2466,1.0,0.33211678832116787,1,0,0,201700195,201700727,0,819,819,2466,0,2466,1.0,1
201700728,196,33,3,RIVERSIDE,2017,2017-11-07,Palo Verde Unified,0,SCHOOL BOARD MEMBER,3,,Full,2,Palmer,Aaron,Farm Manager,N,2,4,478,0,2466,2466,4.0,0.19383617193836172,2,0,0,201700195,201700728,0,478,478,2466,0,2466,4.0,2
201700729,196,33,3,RIVERSIDE,2017,2017-11-07,Palo Verde Unified,0,SCHOOL BOARD MEMBER,3,,Full,2,Ulmer,John M.,Incumbent,Y,1,4,573,0,2466,2466,3.0,0.23236009732360097,2,0,0,201700195,201700729,0,573,573,2466,0,2466,3.0,2
201700730,197,36,3,SAN BERNARDINO,2017,2017-11-07,Fontana Unified,0,SCHOOL BOARD MEMBER,3,,Short,1,Gongora,Kareem,Communications Specialist/Businessman,N,2,2,1542,0,4071,4071,2.0,0.37877671333824614,2,0,0,201700196,201700730,0,1542,1542,4071,0,4071,2.0,2
201700731,197,36,3,SAN BERNARDINO,2017,2017-11-07,Fontana Unified,0,SCHOOL BOARD MEMBER,3,,Short,1,Serna,Mars,Community Education Liaison,N,2,2,2529,0,4071,4071,1.0,0.6212232866617539,1,0,0,201700196,201700731,0,2529,2529,4071,0,4071,1.0,1
201700732,198,36,3,SAN BERNARDINO,2017,2017-11-07,San Bernardino City Unified,0,SCHOOL BOARD MEMBER,3,,Full,3,Ceballos,Mayra,No Ballot Designation,N,2,9,832,0,23263,23263,7.0,0.03576494863087306,2,0,0,201700197,201700732,0,832,832,23263,0,23263,7.0,2
201700733,198,36,3,SAN BERNARDINO,2017,2017-11-07,San Bernardino City Unified,0,SCHOOL BOARD MEMBER,3,,Full,3,Fick,Robert N.,Teacher,N,2,9,2227,0,23263,23263,6.0,0.09573141899153162,2,0,0,201700197,201700733,0,2227,2227,23263,0,23263,6.0,2
201700734,198,36,3,SAN BERNARDINO,2017,2017-11-07,San Bernardino City Unified,0,SCHOOL BOARD MEMBER,3,,Full,3,Flores,Barbara,Incumbent,Y,1,9,4104,0,23263,23263,3.0,0.17641748699651807,1,0,0,201700197,201700734,0,4104,4104,23263,0,23263,3.0,1
201700735,198,36,3,SAN BERNARDINO,2017,2017-11-07,San Bernardino City Unified,0,SCHOOL BOARD MEMBER,3,,Full,3,Haddad,Boulos,No Ballot Designation,N,2,9,283,0,23263,23263,9.0,0.01216524094054937,2,0,0,201700197,201700735,0,283,283,23263,0,23263,9.0,2
201700736,198,36,3,SAN BERNARDINO,2017,2017-11-07,San Bernardino City Unified,0,SCHOOL BOARD MEMBER,3,,Full,3,Jones,Anthony G.,Radiology Assistant/Broker,N,2,9,2334,0,23263,23263,5.0,0.100330997721704,2,0,0,201700197,201700736,0,2334,2334,23263,0,23263,5.0,2
201700737,198,36,3,SAN BERNARDINO,2017,2017-11-07,San Bernardino City Unified,0,SCHOOL BOARD MEMBER,3,,Full,3,Medina,Abigail M.,Incumbent,Y,1,9,4460,0,23263,23263,2.0,0.1917207582856897,1,0,0,201700197,201700737,0,4460,4460,23263,0,23263,2.0,1
201700738,198,36,3,SAN BERNARDINO,2017,2017-11-07,San Bernardino City Unified,0,SCHOOL BOARD MEMBER,3,,Full,3,Montana,Pam,Children Services Liaison,N,2,9,3785,0,23263,23263,4.0,0.16270472424020976,2,0,0,201700197,201700738,0,3785,3785,23263,0,23263,4.0,2
201700739,198,36,3,SAN BERNARDINO,2017,2017-11-07,San Bernardino City Unified,0,SCHOOL BOARD MEMBER,3,,Full,3,Tillman,Danny,Incumbent,Y,1,9,4504,0,23263,23263,1.0,0.19361217383828397,1,0,0,201700197,201700739,0,4504,4504,23263,0,23263,1.0,1
201700740,198,36,3,SAN BERNARDINO,2017,2017-11-07,San Bernardino City Unified,0,SCHOOL BOARD MEMBER,3,,Full,3,Valverde,Eduardo Alberto,Businessman,N,2,9,734,0,23263,23263,8.0,0.03155225035464042,2,0,0,201700197,201700740,0,734,734,23263,0,23263,8.0,2
201700741,199,41,3,SAN MATEO,2017,2017-11-07,Burlingame Elementary,0,SCHOOL BOARD MEMBER,3,,Full,3,Coskey,Kay,Incumbent,Y,1,4,3100,0,12309,12309,2.0,0.25184824112438053,1,0,0,201700198,201700741,0,3100,3100,12309,0,12309,2.0,1
201700742,199,41,3,SAN MATEO,2017,2017-11-07,Burlingame Elementary,0,SCHOOL BOARD MEMBER,3,,Full,3,Drabkin,Davina,Incumbent,Y,1,4,2906,0,12309,12309,3.0,0.23608741571208058,1,0,0,201700198,201700742,0,2906,2906,12309,0,12309,3.0,1
201700743,199,41,3,SAN MATEO,2017,2017-11-07,Burlingame Elementary,0,SCHOOL BOARD MEMBER,3,,Full,3,Kendall,Elizabeth,Scientist/Parent,N,2,4,3531,0,12309,12309,1.0,0.2868632707774799,1,0,0,201700198,201700743,0,3531,3531,12309,0,12309,1.0,1
201700744,199,41,3,SAN MATEO,2017,2017-11-07,Burlingame Elementary,0,SCHOOL BOARD MEMBER,3,,Full,3,Luftman,Douglas B.,Appointed Incumbent,Y,1,4,2772,0,12309,12309,4.0,0.225201072386059,2,0,0,201700198,201700744,0,2772,2772,12309,0,12309,4.0,2
201700745,200,41,3,SAN MATEO,2017,2017-11-07,Portola Valley Elementary,0,SCHOOL BOARD MEMBER,3,,Full,3,Bechtel,Karyn,Community Volunteer,N,2,4,794,0,2584,2584,1.0,0.30727554179566563,1,0,0,201700199,201700745,0,794,794,2584,0,2584,1.0,1
201700746,200,41,3,SAN MATEO,2017,2017-11-07,Portola Valley Elementary,0,SCHOOL BOARD MEMBER,3,,Full,3,Klugman,Jeff,Retired Software Executive,N,2,4,773,0,2584,2584,2.0,0.2991486068111455,1,0,0,201700199,201700746,0,773,773,2584,0,2584,2.0,1
201700747,200,41,3,SAN MATEO,2017,2017-11-07,Portola Valley Elementary,0,SCHOOL BOARD MEMBER,3,,Full,3,Maffia,Michael,Investor/Developer,N,2,4,607,0,2584,2584,3.0,0.23490712074303405,1,0,0,201700199,201700747,0,607,607,2584,0,2584,3.0,1
201700748,200,41,3,SAN MATEO,2017,2017-11-07,Portola Valley Elementary,0,SCHOOL BOARD MEMBER,3,,Full,3,Tate,Karen A.,Incumbent,Y,1,4,410,0,2584,2584,4.0,0.1586687306501548,2,0,0,201700199,201700748,0,410,410,2584,0,2584,4.0,2
201700749,201,41,3,SAN MATEO,2017,2017-11-07,San Carlos Elementary,0,SCHOOL BOARD MEMBER,3,,Full,3,Elliot,Carol,Incumbent,Y,1,4,2779,0,9107,9107,1.0,0.3051498847040738,1,0,0,201700200,201700749,0,2779,2779,9107,0,9107,1.0,1
201700750,201,41,3,SAN MATEO,2017,2017-11-07,San Carlos Elementary,0,SCHOOL BOARD MEMBER,3,,Full,3,Farley,Kathleen,Incumbent,Y,1,4,2562,0,9107,9107,3.0,0.28132205995388165,1,0,0,201700200,201700750,0,2562,2562,9107,0,9107,3.0,1
201700751,201,41,3,SAN MATEO,2017,2017-11-07,San Carlos Elementary,0,SCHOOL BOARD MEMBER,3,,Full,3,Layton,Neil A.,Attorney,N,2,4,2720,0,9107,9107,2.0,0.2986713517074778,1,0,0,201700200,201700751,0,2720,2720,9107,0,9107,2.0,1
201700752,201,41,3,SAN MATEO,2017,2017-11-07,San Carlos Elementary,0,SCHOOL BOARD MEMBER,3,,Full,3,Vigdal,Thomas,Lawyer,N,2,4,1046,0,9107,9107,4.0,0.11485670363456682,2,0,0,201700200,201700752,0,1046,1046,9107,0,9107,4.0,2
201700753,202,41,3,SAN MATEO,2017,2017-11-07,San Mateo-Foster City Elementary,0,SCHOOL BOARD MEMBER,3,,Full,3,Corzo,Noelia,Social Worker,N,2,7,8561,0,39063,39063,2.0,0.21915879476742697,1,0,0,201700201,201700753,0,8561,8561,39063,0,39063,2.0,1
201700754,202,41,3,SAN MATEO,2017,2017-11-07,San Mateo-Foster City Elementary,0,SCHOOL BOARD MEMBER,3,,Full,3,Haislip,Alexander H.,Technology Executive,N,2,7,2528,0,39063,39063,7.0,0.06471597163556307,2,0,0,201700201,201700754,0,2528,2528,39063,0,39063,7.0,2
201700755,202,41,3,SAN MATEO,2017,2017-11-07,San Mateo-Foster City Elementary,0,SCHOOL BOARD MEMBER,3,,Full,3,Hitchcock,Rebecca,Early Education Director,N,2,7,5934,0,39063,39063,3.0,0.15190845557176869,1,0,0,201700201,201700755,0,5934,5934,39063,0,39063,3.0,1
201700756,202,41,3,SAN MATEO,2017,2017-11-07,San Mateo-Foster City Elementary,0,SCHOOL BOARD MEMBER,3,,Full,3,Kanga,Shiraz Zack,Real Estate Agent,N,2,7,4993,0,39063,39063,4.0,0.12781916391470188,2,0,0,201700201,201700756,0,4993,4993,39063,0,39063,4.0,2
201700757,202,41,3,SAN MATEO,2017,2017-11-07,San Mateo-Foster City Elementary,0,SCHOOL BOARD MEMBER,3,,Full,3,Morgan,Thomas,Certified Public Accountant,N,2,7,4271,0,39063,39063,5.0,0.10933620049663365,2,0,0,201700201,201700757,0,4271,4271,39063,0,39063,5.0,2
201700758,202,41,3,SAN MATEO,2017,2017-11-07,San Mateo-Foster City Elementary,0,SCHOOL BOARD MEMBER,3,,Full,3,Thiel,Jacob,Management Consultant,N,2,7,2740,0,39063,39063,6.0,0.07014310216829224,2,0,0,201700201,201700758,0,2740,2740,39063,0,39063,6.0,2
201700759,202,41,3,SAN MATEO,2017,2017-11-07,San Mateo-Foster City Elementary,0,SCHOOL BOARD MEMBER,3,,Full,3,Watkins,Shara,Education Consultant,N,2,7,10036,0,39063,39063,1.0,0.2569183114456135,1,0,0,201700201,201700759,0,10036,10036,39063,0,39063,1.0,1
201700760,203,50,3,STANISLAUS,2017,2017-11-07,Chatom Union Elementary,0,SCHOOL BOARD MEMBER,3,2,Full,1,Blount,Ryan,Dairyman/Farmer,N,2,2,32,0,60,60,1.0,0.5333333333333333,1,0,0,201700202,201700760,0,32,32,60,0,60,1.0,1
201700761,203,50,3,STANISLAUS,2017,2017-11-07,Chatom Union Elementary,0,SCHOOL BOARD MEMBER,3,2,Full,1,Machado,Rodney,Teacher,Y,1,2,28,0,60,60,2.0,0.4666666666666667,2,0,0,201700202,201700761,0,28,28,60,0,60,2.0,2
201700762,204,50,3,STANISLAUS,2017,2017-11-07,Denair Unified,0,SCHOOL BOARD MEMBER,3,,Full,2,Asbill,Charles,Retired Custodian,N,2,4,386,7,1576,1583,3.0,0.24384080859128238,2,0,0,201700203,201700762,0,386,386,1576,7,1583,3.0,2
201700763,204,50,3,STANISLAUS,2017,2017-11-07,Denair Unified,0,SCHOOL BOARD MEMBER,3,,Full,2,Gomes,"Regina ""Reggie""",Retired School Employee,N,2,4,396,7,1576,1583,2.0,0.25015792798483893,1,0,0,201700203,201700763,0,396,396,1576,7,1583,2.0,1
201700764,204,50,3,STANISLAUS,2017,2017-11-07,Denair Unified,0,SCHOOL BOARD MEMBER,3,,Full,2,Gresio,Tina,Self Employed Businesswoman,N,2,4,241,7,1576,1583,4.0,0.15224257738471256,2,0,0,201700203,201700764,0,241,241,1576,7,1583,4.0,2
201700765,204,50,3,STANISLAUS,2017,2017-11-07,Denair Unified,0,SCHOOL BOARD MEMBER,3,,Full,2,Sousa,Crystal A.,Educator/Parent,N,2,4,553,7,1576,1583,1.0,0.34933670246367654,1,0,0,201700203,201700765,0,553,553,1576,7,1583,1.0,1
201700766,205,50,3,STANISLAUS,2017,2017-11-07,Hart-Ransom Union Elementary,0,SCHOOL BOARD MEMBER,3,,Full,3,Bicek,Marty,Business Owner,N,2,6,142,6,1410,1416,5.0,0.10028248587570622,2,0,0,201700204,201700766,0,142,142,1410,6,1416,5.0,2
201700767,205,50,3,STANISLAUS,2017,2017-11-07,Hart-Ransom Union Elementary,0,SCHOOL BOARD MEMBER,3,,Full,3,Dubbs,Matt,Assistant Manager/Farmer,N,2,6,218,6,1410,1416,4.0,0.153954802259887,2,0,0,201700204,201700767,0,218,218,1410,6,1416,4.0,2
201700768,205,50,3,STANISLAUS,2017,2017-11-07,Hart-Ransom Union Elementary,0,SCHOOL BOARD MEMBER,3,,Full,3,Fultz,Rich,Incumbent,Y,1,6,228,6,1410,1416,2.0,0.16101694915254236,1,0,0,201700204,201700768,0,228,228,1410,6,1416,2.0,1
201700769,205,50,3,STANISLAUS,2017,2017-11-07,Hart-Ransom Union Elementary,0,SCHOOL BOARD MEMBER,3,,Full,3,Garcia,Johnny,Insurance Business Owner,N,2,6,129,6,1410,1416,6.0,0.09110169491525423,2,0,0,201700204,201700769,0,129,129,1410,6,1416,6.0,2
201700770,205,50,3,STANISLAUS,2017,2017-11-07,Hart-Ransom Union Elementary,0,SCHOOL BOARD MEMBER,3,,Full,3,Heinrich,Ashley,Parent,N,2,6,471,6,1410,1416,1.0,0.3326271186440678,1,0,0,201700204,201700770,0,471,471,1410,6,1416,1.0,1
201700771,205,50,3,STANISLAUS,2017,2017-11-07,Hart-Ransom Union Elementary,0,SCHOOL BOARD MEMBER,3,,Full,3,Riggins,Sandy,Incumbent,Y,1,6,222,6,1410,1416,3.0,0.15677966101694915,1,0,0,201700204,201700771,0,222,222,1410,6,1416,3.0,1
201700772,206,50,3,STANISLAUS,2017,2017-11-07,Modesto City Elementary & Modesto City High,0,SCHOOL BOARD MEMBER,3,5,Full,1,McGill,Rickey,Retired Education Administrator,N,2,3,915,18,4056,4074,2.0,0.22459499263622976,2,0,0,201700205,201700772,0,915,915,4056,18,4074,2.0,2
201700773,206,50,3,STANISLAUS,2017,2017-11-07,Modesto City Elementary & Modesto City High,0,SCHOOL BOARD MEMBER,3,5,Full,1,Scheid,Michael D.,Attorney,N,2,3,776,18,4056,4074,3.0,0.19047619047619047,2,0,0,201700205,201700773,0,776,776,4056,18,4074,3.0,2
201700774,206,50,3,STANISLAUS,2017,2017-11-07,Modesto City Elementary & Modesto City High,0,SCHOOL BOARD MEMBER,3,5,Full,1,West,Charlene G.,School Counselor/Professor,N,2,3,2365,18,4056,4074,1.0,0.5805105547373589,1,0,0,201700205,201700774,0,2365,2365,4056,18,4074,1.0,1
201700775,207,50,3,STANISLAUS,2017,2017-11-07,Modesto City Elementary & Modesto City High,0,SCHOOL BOARD MEMBER,3,7,Full,1,Harrington,Matthew J.,Youth Care Provider,N,2,3,215,4,1428,1432,3.0,0.15013966480446927,2,0,0,201700206,201700775,0,215,215,1428,4,1432,3.0,2
201700776,207,50,3,STANISLAUS,2017,2017-11-07,Modesto City Elementary & Modesto City High,0,SCHOOL BOARD MEMBER,3,7,Full,1,Lopez,Adolfo,Community Outreach Coordinator,N,2,3,932,4,1428,1432,1.0,0.6508379888268156,1,0,0,201700206,201700776,0,932,932,1428,4,1432,1.0,1
201700777,207,50,3,STANISLAUS,2017,2017-11-07,Modesto City Elementary & Modesto City High,0,SCHOOL BOARD MEMBER,3,7,Full,1,Schambers,Ryan,Substitute Teacher,N,2,3,281,4,1428,1432,2.0,0.1962290502793296,2,0,0,201700206,201700777,0,281,281,1428,4,1432,2.0,2
201700778,208,50,3,STANISLAUS,2017,2017-11-07,Stanislaus County Office of Education,0,SCHOOL BOARD MEMBER,3,5,Full,1,Jack,Chinyere Nnodim,Small Business Owner,N,2,2,2367,118,4707,4825,1.0,0.4905699481865285,1,1,0,201700207,201700778,0,2367,2367,4707,118,4825,1.0,1
201700779,208,50,3,STANISLAUS,2017,2017-11-07,Stanislaus County Office of Education,0,SCHOOL BOARD MEMBER,3,5,Full,1,Vazquez,Juan Pablo,Electric Automotive Assembler,N,2,2,2340,118,4707,4825,2.0,0.48497409326424873,2,1,0,201700207,201700779,0,2340,2340,4707,118,4825,2.0,2
201700780,209,50,3,STANISLAUS,2017,2017-11-07,Sylvan Union Elementary,0,SCHOOL BOARD MEMBER,3,3,Full,1,Harvey,Christine,Science Teacher,N,2,2,884,7,1692,1699,1.0,0.5203060623896409,1,0,0,201700208,201700780,0,884,884,1692,7,1699,1.0,1
201700781,209,50,3,STANISLAUS,2017,2017-11-07,Sylvan Union Elementary,0,SCHOOL BOARD MEMBER,3,3,Full,1,Zeek,Terriann,Incumbent,Y,1,2,808,7,1692,1699,2.0,0.4755738669805768,2,0,0,201700208,201700781,0,808,808,1692,7,1699,2.0,2
201700782,210,50,3,STANISLAUS,2017,2017-11-07,Valley Home Joint Elementary,0,SCHOOL BOARD MEMBER,3,,Short,1,Carpenter,Mary Beth,Student/Agricultural Foreman,N,2,2,132,0,267,267,2.0,0.4943820224719101,2,0,0,201700209,201700782,0,132,132,267,0,267,2.0,2
201700783,210,50,3,STANISLAUS,2017,2017-11-07,Valley Home Joint Elementary,0,SCHOOL BOARD MEMBER,3,,Short,1,Wells,Erin,Registered Dental Hygienist,N,2,2,135,0,267,267,1.0,0.5056179775280899,1,0,0,201700209,201700783,0,135,135,267,0,267,1.0,1
201700784,211,53,3,TRINITY,2017,2017-11-07,Klamath-Trinity Joint Unified,0,SCHOOL BOARD MEMBER,3,1,Full,1,Tyner-Bray,Terry,School Business Assistant,N,2,2,26,1,81,82,2.0,0.3170731707317073,2,0,0,201700210,201700784,0,26,26,81,1,82,2.0,2
201700785,211,53,3,TRINITY,2017,2017-11-07,Klamath-Trinity Joint Unified,0,SCHOOL BOARD MEMBER,3,1,Full,1,Watty,Kerry,Incumbent,Y,1,2,55,1,81,82,1.0,0.6707317073170732,1,0,0,201700210,201700785,0,55,55,81,1,82,1.0,1
